0.600,30,17,41
B0,mixamorig_Hips,-1,0.992995023727417,-0.028811000287532806,0.11458799988031387,0,0.01311499997973442,0.9906989932060242,0.13544000685214996,0,-0.11742399632930756,-0.13298900425434113,0.9841369986534119,0,0.004160999786108732,1.4138180017471313,0.017316000536084175,1
B1,mixamorig_Spine,0,0.9676139950752258,0.031982000917196274,-0.25039899349212646,0,0.02281999960541725,0.9767979979515076,0.2129420042037964,0,0.2513990104198456,-0.21175900101661682,0.9444339871406555,0,0,0.20184600353240967,-0.00443200021982193,1
B2,mixamorig_Spine1,1,0.9992430210113525,0.022326000034809113,-0.03186599910259247,0,-0.024173999205231667,0.9979739785194397,-0.058844998478889465,0,0.030486999079585075,0.059571001678705215,0.9977579712867737,0,0,0.23554399609565735,0,1
B3,mixamorig_Spine2,2,0.9992899894714355,0.020143000409007072,-0.03183700144290924,0,-0.021971000358462334,0.9980670213699341,-0.058139998465776443,0,0.030604999512434006,0.05879800021648407,0.9978010058403015,0,0,0.26919299364089966,0,1
B4,mixamorig_Neck,3,0.9976379871368408,-0.057342998683452606,0.03780899941921234,0,0.05329800024628639,0.9935100078582764,0.10048700124025345,0,-0.0433260016143322,-0.09823500365018845,0.9942200183868408,0,0,0.30284199118614197,0,1
B5,mixamorig_Head,4,0.993232011795044,0.034669000655412674,0.11084800213575363,0,0.004900000058114529,0.9410520195960999,-0.3382270038127899,0,-0.11603999882936478,0.3364810049533844,0.9345129728317261,0,0,0.3297629952430725,-0.0025820001028478146,1
B6,mixamorig_HeadTop_End,5,1,0,0,0,0,1,0,0,0,0,1,0,0,0.9484109878540039,-0.007424999959766865,1
B7,mixamorig_LeftShoulder,3,0.12841400504112244,0.04629499837756157,-0.9906389713287354,0,0.9111409783363342,-0.3999229967594147,0.09942000359296799,0,-0.39157700538635254,-0.915378987789154,-0.09353700280189514,0,0.10646799951791763,0.2636919915676117,-0.001724999980069697,1
B8,mixamorig_LeftArm,7,0.46595999598503113,-0.36848199367523193,-0.8044270277023315,0,0.8097469806671143,0.5440430045127869,0.21983300149440765,0,0.35663801431655884,-0.7538160085678101,0.5518789887428284,0,0,0.22705300152301788,0,1
B9,mixamorig_LeftForeArm,8,0.3031170070171356,0.9526649713516235,0.023442000150680542,0,-0.9526879787445068,0.30236101150512695,0.031039999797940254,0,0.022482000291347504,-0.031741999089717865,0.9992430210113525,0,0,0.5402770042419434,0,1
B10,mixamorig_LeftHand,9,0.9905160069465637,-0.05899700149893761,-0.12408299744129181,0,0.0626479983329773,0.997704029083252,0.025723999366164207,0,0.12228100001811981,-0.033254001289606094,0.9919379949569702,0,0,0.4967939853668213,0,1
B11,mixamorig_LeftHandThumb1,10,0.9031699895858765,0.4075680077075958,-0.13480700552463531,0,-0.37042099237442017,0.8986160159111023,0.23510999977588654,0,0.216962993144989,-0.1624089926481247,0.9625750184059143,0,-0.08185800164937973,0.04394900053739548,0,1
B12,mixamorig_LeftHandThumb2,11,0.9996860027313232,-0.024873999878764153,-0.0030950000509619713,0,0.025025000795722008,0.9974330067634583,0.06708399951457977,0,0.0014189999783411622,-0.06713999807834625,0.9977430105209351,0,-0.009142999537289143,0.07376299798488617,0,1
B13,mixamorig_LeftHandThumb3,12,0.9966740012168884,0.08077999949455261,-0.010739999823272228,0,-0.08106900006532669,0.9962599873542786,-0.029908999800682068,0,0.008283999748528004,0.03068000078201294,0.9994950294494629,0,-0.0005629999795928597,0.09730099886655807,0,1
B14,mixamorig_LeftHandThumb4,13,1,0,0,0,0,1,0,0,0,0,1,0,0.009705999866127968,0.08156999945640564,0,1
B15,mixamorig_LeftHandIndex1,10,0.9992240071296692,0.03932100161910057,0.00216599996201694,0,-0.03930399939417839,0.9923319816589355,0.11718200147151947,0,0.0024580000899732113,-0.11717599630355835,0.9931079745292664,0,0,0.1151529997587204,0.0015910000074654818,1
B16,mixamorig_LeftHandIndex2,15,0.9994590282440186,-0.03275800123810768,-0.002814000006765127,0,0.03261300176382065,0.9768710136413574,0.211326003074646,0,-0.00417400011792779,-0.2113029956817627,0.9774119853973389,0,0.00355900009162724,0.14229199290275574,0,1
B17,mixamorig_LeftHandIndex3,16,0.9986540079116821,0.05178400129079819,-0.0029460000805556774,0,-0.051562998443841934,0.9973260164260864,0.05179499834775925,0,0.005619999952614307,-0.05157399922609329,0.998652994632721,0,-0.004298000130802393,0.11636000126600266,0,1
B18,mixamorig_LeftHandIndex4,17,1,0,0,0,0,1,0,0,0,0,1,0,0.0007389999809674919,0.0909150019288063,0,1
B19,mixamorig_RightShoulder,3,0.08239299803972244,-0.02448900043964386,0.9962990283966064,0,-0.915573000907898,-0.3967050015926361,0.06596700102090836,0,0.3936209976673126,-0.917618989944458,-0.0551070012152195,0,-0.10646799951791763,0.2636539936065674,0.000004999999873689376,1
B20,mixamorig_RightArm,19,0.9653220176696777,-0.20216499269008636,-0.1651729941368103,0,0.2591109871864319,0.8191540241241455,0.5117110013961792,0,0.03185199946165085,-0.5367640256881714,0.8431310057640076,0,0,0.22705300152301788,0,1
B21,mixamorig_RightForeArm,20,-0.04194299876689911,-0.9987620115280151,-0.026729999110102654,0,0.9987879991531372,-0.042603999376297,0.02463199943304062,0,-0.0257399994879961,-0.025665000081062317,0.9993389844894409,0,0,0.5401849746704102,0,1
B22,mixamorig_RightHand,21,0.9998210072517395,-0.01470400020480156,0.011895000003278255,0,0.018091000616550446,0.9269589781761169,-0.3747270107269287,0,-0.005516999866813421,0.374875009059906,0.92705899477005,0,0,0.4968239963054657,0,1
B23,mixamorig_RightHandThumb1,22,0.9647160172462463,-0.13333599269390106,0.22703500092029572,0,0.10615400224924088,0.986070990562439,0.128043994307518,0,-0.2409449964761734,-0.09942600131034851,0.9654330015182495,0,0.08952900022268295,0.05150499939918518,0,1
B24,mixamorig_RightHandThumb2,23,0.9991049766540527,-0.034244999289512634,0.024813000112771988,0,0.034129999577999115,0.999405026435852,0.005007999949157238,0,-0.02496900036931038,-0.004157000221312046,0.9996799826622009,0,0.01981399953365326,0.08021900057792664,0,1
B25,mixamorig_RightHandThumb3,24,0.9462649822235107,-0.3233889937400818,0.0013810000382363796,0,0.322393000125885,0.9430000185966492,-0.08253899961709976,0,0.02538999915122986,0.07854899764060974,0.9965869784355164,0,0.0024770000018179417,0.09086299687623978,0,1
B26,mixamorig_RightHandThumb4,25,1,0,0,0,0,1,0,0,0,0,1,0,-0.022290999069809914,0.06606300175189972,0,1
B27,mixamorig_RightHandIndex1,22,0.9997419714927673,-0.02263299934566021,-0.0017059999518096447,0,0.02269599959254265,0.9974979758262634,0.06694900244474411,0,0.00018600000475998968,-0.06697099655866623,0.9977549910545349,0,0,0.11305999755859375,0.001303000026382506,1
B28,mixamorig_RightHandIndex2,27,0.9992889761924744,0.03754200041294098,0.0033839999232441187,0,-0.036945998668670654,0.957709014415741,0.28535598516464233,0,0.0074709998443722725,-0.2852790057659149,0.9584149718284607,0,-0.00254100002348423,0.15283699333667755,0,1
B29,mixamorig_RightHandIndex3,28,0.9954749941825867,-0.09497100114822388,0.0032709999941289425,0,0.09484300017356873,0.9951000213623047,0.027929000556468964,0,-0.0059079998172819614,-0.027493000030517578,0.9996050000190735,0,0.006070000119507313,0.11340600252151489,0,1
B30,mixamorig_RightHandIndex4,29,1,0,0,0,0,1,0,0,0,0,1,0,-0.0035290000960230827,0.09126099944114685,0,1
B31,mixamorig_LeftUpLeg,0,-0.9866650104522705,-0.06416799873113632,0.1495800018310547,0,0.14473700523376465,-0.766273021697998,0.6259999871253967,0,0.07445000112056732,0.6393030285835266,0.7653430104255676,0,0.1860329955816269,-0.11189699918031693,-0.003965000156313181,1
B32,mixamorig_LeftLeg,31,0.99161297082901,0.12779800593852997,-0.019266000017523766,0,0.05919500067830086,-0.5816109776496887,-0.8113110065460205,0,-0.1148890033364296,0.8033660054206848,-0.5842980146408081,0,0,0.6513429880142212,0,1
B33,mixamorig_LeftFoot,32,0.9529880285263062,0.19035199284553528,0.23575499653816223,0,-0.3002740144729614,0.48895999789237976,0.818996012210846,0,0.040623001754283905,-0.8512840270996094,0.5231310129165649,0,0,0.5067660212516785,0,1
B34,mixamorig_LeftToeBase,33,0.9997439980506897,0,0.022621000185608864,0,-0.013729999773204327,0.7947450280189514,0.6067879796028137,0,-0.01797799952328205,-0.6069440245628357,0.7945410013198853,0,0,0.3611550033092499,0,1
B35,mixamorig_LeftToe_End,34,1,0,0,0,0,1,0,0,0,0,1,0,0,0.13561299443244934,0,1
B36,mixamorig_RightUpLeg,0,-0.9972959756851196,-0.04914600029587746,-0.05463099852204323,0,0.053748998790979385,-0.9948220252990723,-0.08626200258731842,0,-0.05010899901390076,-0.08896499872207642,0.9947729706764221,0,-0.1860329955816269,-0.11189699918031693,-0.0019519999623298645,1
B37,mixamorig_RightLeg,36,0.9899290204048157,0.03345600143074989,0.1375569999217987,0,0.04240899905562401,0.8569650053977966,-0.513625979423523,0,-0.13506600260734558,0.514286994934082,0.8469160199165344,0,0,0.6512380242347717,0,1
B38,mixamorig_RightFoot,37,0.973691999912262,-0.19543899595737457,-0.11716199666261673,0,0.16164299845695496,0.2300100028514862,0.9596700072288513,0,-0.16060799360275269,-0.953361988067627,0.25554999709129333,0,0,0.5072460174560547,0,1
B39,mixamorig_RightToeBase,38,0.9920960068702698,0.04824800044298172,-0.115836001932621,0,0.08985400199890137,0.37122398614883423,0.9241849780082703,0,0.08759099990129471,-0.9272890090942383,0.36395499110221863,0,0,0.35923901200294495,0,1
B40,mixamorig_RightToe_End,39,1,0,0,0,0,1,0,0,0,0,1,0,0,0.13514000177383423,0,1
@34,0,1,2,3,4,5,7,8,9,10,11,12,13,15,16,17,19,20,21,22,23,24,25,27,28,29,31,32,33,34,36,37,38,39
K0,0.9929950833320618,-0.028810953721404076,0.11458780616521835,0,0.013115044683218002,0.9906989336013794,0.13544028997421265,0,-0.11742417514324188,-0.13298870623111725,0.9841369390487671,0,0.004160999786108732,1.4138180017471313,0.017316000536084175,1,0.9676140546798706,0.0319816991686821,-0.25039875507354736,0,0.022819695994257927,0.9767981171607971,0.21294164657592773,0,0.25139927864074707,-0.21175935864448547,0.944433867931366,0,0,0.20184600353240967,-0.00443200021982193,1,0.9992430210113525,0.022325895726680756,-0.031865667551755905,0,-0.024174101650714874,0.9979739785194397,-0.05884511396288872,0,0.03048733063042164,0.059570878744125366,0.9977579712867737,0,0,0.23554399609565735,0,1,0.9992899298667908,0.020143156871199608,-0.031837329268455505,0,-0.0219708401709795,0.9980670213699341,-0.05813989043235779,0,0.030604669824242592,0.058798108249902725,0.9978010058403015,0,0,0.26919299364089966,0,1,0.9976379871368408,-0.057343292981386185,0.03780904784798622,0,0.053297702223062515,0.9935100078582764,0.10048722475767136,0,-0.04332595691084862,-0.09823478013277054,0.9942200779914856,0,0,0.30284199118614197,0,1,0.993232011795044,0.03466883674263954,0.11084818094968796,0,0.004899834748357534,0.9410520792007446,-0.3382270336151123,0,-0.11603982746601105,0.3364810049533844,0.9345129728317261,0,0,0.3297629952430725,-0.0025820001028478146,1,0.1284140795469284,0.046294718980789185,-0.9906389117240906,0,0.9111410975456238,-0.39992278814315796,0.09941968321800232,0,-0.3915766775608063,-0.9153791666030884,-0.09353674203157425,0,0.10646799951791763,0.2636919915676117,-0.001724999980069697,1,0.4659600555896759,-0.36848193407058716,-0.8044269680976868,0,0.809747040271759,0.5440428256988525,0.21983326971530914,0,0.3566380739212036,-0.753815770149231,0.5518792271614075,0,0,0.22705300152301788,0,1,0.30311721563339233,0.9526649117469788,0.02344251051545143,0,-0.9526880383491516,0.30236074328422546,0.03103988617658615,0,0.022482510656118393,-0.03174211457371712,0.9992430210113525,0,0,0.5402770042419434,0,1,0.990515947341919,-0.058997176587581635,-0.1240832582116127,0,0.06264781951904297,0.9977040886878967,0.02572420798242092,0,0.12228073924779892,-0.03325378894805908,0.9919379949569702,0,0,0.4967939853668213,0,1,0.9031699299812317,0.4075682461261749,-0.13480693101882935,0,-0.37042081356048584,0.8986161351203918,0.23510996997356415,0,0.21696308255195618,-0.1624090075492859,0.9625749588012695,0,-0.08185800164937973,0.04394900053739548,0,1,0.999686062335968,-0.024873675778508186,-0.0030952822417020798,0,0.025025324895977974,0.997433066368103,0.06708377599716187,0,0.00141871755477041,-0.06714022159576416,0.9977430105209351,0,-0.009142999537289143,0.07376299798488617,0,1,0.9966739416122437,0.08078012615442276,-0.010740106925368309,0,-0.08106887340545654,0.9962599873542786,-0.02990889735519886,0,0.008283892646431923,0.030680103227496147,0.9994950294494629,0,-0.0005629999795928597,0.09730099886655807,0,1,0.9992240071296692,0.039321091026067734,0.002166164806112647,0,-0.039303913712501526,0.9923319816589355,0.11718185991048813,0,0.002458165166899562,-0.1171761304140091,0.9931079745292664,0,0,0.1151529997587204,0.0015910000074654818,1,0.9994590282440186,-0.0327581912279129,-0.002813866129145026,0,0.032612815499305725,0.9768710732460022,0.21132567524909973,0,-0.004173866007477045,-0.21130330860614777,0.9774118661880493,0,0.00355900009162724,0.14229199290275574,0,1,0.9986539483070374,0.051784321665763855,-0.002945847576484084,0,-0.051562678068876266,0.9973260760307312,0.05179532617330551,0,0.005620152223855257,-0.05157367140054703,0.998652994632721,0,-0.004298000130802393,0.11636000126600266,0,1,0.08239323645830154,-0.024488454684615135,0.9962989687919617,0,-0.9155732989311218,-0.3967045247554779,0.06596651673316956,0,0.3936205804347992,-0.9176192283630371,-0.055106718093156815,0,-0.10646799951791763,0.2636539936065674,0.000004999999873689376,1,0.965321958065033,-0.20216523110866547,-0.1651729941368103,0,0.25911077857017517,0.8191541433334351,0.5117109417915344,0,0.03185199946165085,-0.5367640852928162,0.8431309461593628,0,0,0.22705300152301788,0,1,-0.04194330796599388,-0.9987619519233704,-0.026730433106422424,0,0.9987879395484924,-0.04260364547371864,0.024632098153233528,0,-0.025740433484315872,-0.02566489763557911,0.9993389844894409,0,0,0.5401849746704102,0,1,0.9998210072517395,-0.014704111032187939,0.011895440518856049,0,0.018090886995196342,0.9269589781761169,-0.37472692131996155,0,-0.0055165584199130535,0.374875009059906,0.9270589351654053,0,0,0.4968239963054657,0,1,0.9647161364555359,-0.13333609700202942,0.22703471779823303,0,0.10615389794111252,0.9860709309577942,0.1280442327260971,0,-0.24094532430171967,-0.09942574799060822,0.9654330015182495,0,0.08952900022268295,0.05150499939918518,0,1,0.9991049766540527,-0.03424454480409622,0.024812621995806694,0,0.03413044661283493,0.9994049668312073,0.005008172243833542,0,-0.024969376623630524,-0.00415682652965188,0.9996799230575562,0,0.01981399953365326,0.08021900057792664,0,1,0.9462651014328003,-0.3233887255191803,0.0013809531228616834,0,0.3223932683467865,0.9429999589920044,-0.08253897726535797,0,0.025389954447746277,0.07854901999235153,0.9965869784355164,0,0.0024770000018179417,0.09086299687623978,0,1,0.9997419714927673,-0.022632785141468048,-0.0017057579243555665,0,0.02269621379673481,0.9974979758262634,0.0669492557644844,0,0.00018624210497364402,-0.06697075068950653,0.9977550506591797,0,0,0.11305999755859375,0.001303000026382506,1,0.9992889761924744,0.037541814148426056,0.00338446581736207,0,-0.03694617748260498,0.9577088952064514,0.28535640239715576,0,0.00747146550565958,-0.2852785885334015,0.9584150910377502,0,-0.00254100002348423,0.15283699333667755,0,1,0.9954750537872314,-0.09497078508138657,0.00327127892524004,0,0.09484321624040604,0.9951000213623047,0.027929311618208885,0,-0.005907720886170864,-0.027492687106132507,0.9996050000190735,0,0.006070000119507313,0.11340600252151489,0,1,-0.9866651296615601,-0.064167819917202,0.1495799422264099,0,0.14473718404769897,-0.766273021697998,0.626000165939331,0,0.07445008307695389,0.6393029689788818,0.7653431296348572,0,0.1860329955816269,-0.11189699918031693,-0.003965000156313181,1,0.9916129112243652,0.1277981996536255,-0.01926574856042862,0,0.05919479951262474,-0.5816110968589783,-0.8113110065460205,0,-0.1148892492055893,0.8033660054206848,-0.5842979550361633,0,0,0.6513429880142212,0,1,0.9529879689216614,0.1903523951768875,0.23575499653816223,0,-0.3002736270427704,0.48896023631095886,0.8189958930015564,0,0.0406230129301548,-0.8512840270996094,0.5231308937072754,0,0,0.5067660212516785,0,1,0.9997439980506897,0,0.022621095180511475,0,-0.013729850761592388,0.7947447299957275,0.6067883968353271,0,-0.01797790452837944,-0.606943666934967,0.7945412993431091,0,0,0.3611550033092499,0,1,-0.9972960352897644,-0.04914576932787895,-0.05463115870952606,0,0.05374922603368759,-0.994822084903717,-0.08626196533441544,0,-0.05010884255170822,-0.08896504342556,0.9947729706764221,0,-0.1860329955816269,-0.11189699918031693,-0.0019519999623298645,1,0.9899290204048157,0.0334562323987484,0.1375572234392166,0,0.04240923002362251,0.8569650650024414,-0.5136258602142334,0,-0.13506577908992767,0.5142870545387268,0.8469160199165344,0,0,0.6512380242347717,0,1,0.9736918807029724,-0.19543911516666412,-0.11716259270906448,0,0.1616428792476654,0.2300097942352295,0.9596701264381409,0,-0.16060858964920044,-0.9533618688583374,0.2555501163005829,0,0,0.5072460174560547,0,1,0.992095947265625,0.048247553408145905,-0.11583612859249115,0,0.08985355496406555,0.3712240755558014,0.9241849780082703,0,0.08759086579084396,-0.9272890090942383,0.36395490169525146,0,0,0.35923901200294495,0,1
K0.035,0.9961398243904114,-0.002923622028902173,0.08773481845855713,0,-0.00979522429406643,0.9895021319389343,0.14418838918209076,0,-0.08723526448011398,-0.1444910764694214,0.9856529831886292,0,0.00014443512191064656,1.4190431833267212,0.016243018209934235,1,0.9614821672439575,-0.009586967527866364,-0.2746979594230652,0,0.0459914356470108,0.9909138083457947,0.12639367580413818,0,0.27099019289016724,-0.13415899872779846,0.953186571598053,0,0,0.20184600353240967,-0.00443200021982193,1,0.9991827607154846,0.019874751567840576,-0.03521043807268143,0,-0.021046794950962067,0.9992261528968811,-0.033235080540180206,0,0.03452261537313461,0.033948950469493866,0.9988268613815308,0,0,0.23554399609565735,0,1,0.999225914478302,0.01768563874065876,-0.03512868657708168,0,-0.01887623406946659,0.9992488622665405,-0.033854637295007706,0,0.03450354188680649,0.03449151664972305,0.9988088011741638,0,0,0.26919299364089966,0,1,0.9972996115684509,-0.05524057894945145,0.04840097203850746,0,0.048873282968997955,0.9910669326782227,0.12408444285392761,0,-0.05482309311628342,-0.12138384580612183,0.9910903573036194,0,0,0.30284199118614197,0,1,0.9844384789466858,0.047901786863803864,0.16907773911952972,0,0.006022683810442686,0.9523700475692749,-0.30488455295562744,0,-0.17562904953956604,0.30115827918052673,0.9372609853744507,0,0,0.3297629952430725,-0.0025820001028478146,1,0.12418826669454575,0.04449634999036789,-0.9912600517272949,0,0.9183478355407715,-0.38349029421806335,0.09783922880887985,0,-0.37578529119491577,-0.9224724173545837,-0.08848817646503448,0,0.10646799951791763,0.2636919915676117,-0.001724999980069697,1,0.35510826110839844,-0.45727941393852234,-0.8153488636016846,0,0.8601173162460327,0.5014809370040894,0.093356192111969,0,0.36619189381599426,-0.7344468235969543,0.5713936686515808,0,0,0.22705300152301788,0,1,0.14741617441177368,0.9886636734008789,0.028515340760350227,0,-0.9886876940727234,0.146490678191185,0.03221246600151062,0,0.02767004631459713,-0.03294138237833977,0.9990739822387695,0,0,0.5402770042419434,0,1,0.9903399348258972,-0.12921097874641418,-0.050305724143981934,0,0.1325817108154297,0.9886465072631836,0.07070731371641159,0,0.04059845209121704,-0.07669395208358765,0.9962279200553894,0,0,0.4967939853668213,0,1,0.8991670608520508,0.4161871671676636,-0.13522960245609283,0,-0.3792095184326172,0.8952680230140686,0.23387141525745392,0,0.21840083599090576,-0.15900897979736328,0.9628168344497681,0,-0.08185800164937973,0.04394900053739548,0,1,0.9999071359634399,-0.011818813160061836,-0.006841097958385944,0,0.012228679843246937,0.9979166984558105,0.06334563344717026,0,0.006078176200389862,-0.06342341005802155,0.9979685544967651,0,-0.009142999537289143,0.07376299798488617,0,1,0.9961103200912476,0.08712667971849442,-0.013186855241656303,0,-0.0875060111284256,0.99566251039505,-0.03161274269223213,0,0.01037533674389124,0.03264368698000908,0.9994131326675415,0,-0.0005629999795928597,0.09730099886655807,0,1,0.9991517663002014,0.04108815640211105,0.002725455444306135,0,-0.04109269753098488,0.9906157851219177,0.1303505301475525,0,0.0026559848338365555,-0.1303519755601883,0.9914640784263611,0,0,0.1151529997587204,0.0015910000074654818,1,0.999518632888794,-0.0308968685567379,-0.0029011608567088842,0,0.030760204419493675,0.9740373492240906,0.2242869883775711,0,-0.004103926010429859,-0.22426821291446686,0.9745187163352966,0,0.00355900009162724,0.14229199290275574,0,1,0.9986061453819275,0.05270152911543846,-0.0028435378335416317,0,-0.05244582146406174,0.9969133734703064,0.05842667073011398,0,0.005913932807743549,-0.05819607153534889,0.9982873201370239,0,-0.004298000130802393,0.11636000126600266,0,1,0.0722055733203888,-0.022475454956293106,0.9971364736557007,0,-0.9227290749549866,-0.3810262084007263,0.05822921171784401,0,0.37862643599510193,-0.9242914319038391,-0.04825100675225258,0,-0.10646799951791763,0.2636539936065674,0.000004999999873689376,1,0.9741100668907166,-0.18811483681201935,-0.12538884580135345,0,0.225442573428154,0.8497198820114136,0.4766051769256592,0,0.01688888669013977,-0.49253368377685547,0.870129406452179,0,0,0.22705300152301788,0,1,-0.3842800259590149,-0.9225457906723022,-0.035173315554857254,0,0.9225706458091736,-0.38515785336494446,0.02275177836418152,0,-0.03453683480620384,-0.023706814274191856,0.999122142791748,0,0,0.5401849746704102,0,1,0.9144613146781921,0.35350003838539124,0.19697320461273193,0,-0.27530086040496826,0.9001920223236084,-0.3374364972114563,0,-0.29659757018089294,0.2543458044528961,0.9205098152160645,0,0,0.4968239963054657,0,1,0.9663376808166504,-0.09434781223535538,0.23935174942016602,0,0.06368391215801239,0.9890989661216736,0.1327718049287796,0,-0.2492692470550537,-0.11305952817201614,0.9618118405342102,0,0.08952900022268295,0.05150499939918518,0,1,0.9989244341850281,-0.038270995020866394,0.026174047961831093,0,0.03817972168326378,0.9992631077766418,0.003978620748966932,0,-0.026307014748454094,-0.0029750221874564886,0.9996490478515625,0,0.01981399953365326,0.08021900057792664,0,1,0.9456176161766052,-0.3252708911895752,0.00228462484665215,0,0.3243340253829956,0.942312479019165,-0.08279288560152054,0,0.024777287617325783,0.07903140038251877,0.9965637922286987,0,0.0024770000018179417,0.09086299687623978,0,1,0.9997419714927673,-0.022632768377661705,-0.0017062340630218387,0,0.022696228697896004,0.9974979758262634,0.0669497475028038,0,0.00018670693680178374,-0.06697124987840652,0.9977549910545349,0,0,0.11305999755859375,0.001303000026382506,1,0.9992889761924744,0.03754173964262009,0.0033849661704152822,0,-0.03694625198841095,0.9577088952064514,0.28535643219947815,0,0.007470966316759586,-0.28527864813804626,0.9584150314331055,0,-0.00254100002348423,0.15283699333667755,0,1,0.9954750537872314,-0.09497081488370895,0.0032712798565626144,0,0.09484324604272842,0.9951000213623047,0.027929281815886497,0,-0.0059077199548482895,-0.02749265730381012,0.9996050000190735,0,0.006070000119507313,0.11340600252151489,0,1,-0.9954425692558289,-0.0837583839893341,0.045603033155202866,0,0.0850571021437645,-0.5634695291519165,0.8217471837997437,0,-0.043132249265909195,0.821880042552948,0.5680251121520996,0,0.1860329955816269,-0.11189699918031693,-0.003965000156313181,1,0.9849399924278259,0.13304279744625092,0.11042246222496033,0,0.13292360305786133,-0.17425990104675293,-0.97568678855896,0,-0.11056584119796753,0.9756702184677124,-0.18931996822357178,0,0,0.6513429880142212,0,1,0.9316375851631165,0.3276289701461792,0.15719376504421234,0,-0.3339850902557373,0.6015380620956421,0.7256761193275452,0,0.14319457113742828,-0.7285678386688232,0.6698389053344727,0,0,0.5067660212516785,0,1,0.9997442960739136,0.0000035290938740217825,0.022604187950491905,0,-0.01372071634978056,0.7947974801063538,0.6067196130752563,0,-0.017963623628020287,-0.6068750023841858,0.7945948243141174,0,0,0.3611550033092499,0,1,-0.998275637626648,-0.031868793070316315,-0.049291547387838364,0,0.04480789229273796,-0.9562044143676758,-0.28924933075904846,0,-0.037914760410785675,-0.2909591495990753,0.9559833407402039,0,-0.1860329955816269,-0.11189699918031693,-0.0019519999623298645,1,0.9851389527320862,-0.004851525649428368,0.17168989777565002,0,0.06648927927017212,0.9324382543563843,-0.35516032576560974,0,-0.1583670824766159,0.36129769682884216,0.9189034104347229,0,0,0.6512380242347717,0,1,0.975530743598938,-0.19635243713855743,-0.09892407059669495,0,0.20925073325634003,0.6910497546195984,0.6918560862541199,0,-0.06748615205287933,-0.6956265568733215,0.7152268886566162,0,0,0.5072460174560547,0,1,0.9906503558158875,0.036728113889694214,-0.13138742744922638,0,0.12684810161590576,0.10648252815008163,0.9861904382705688,0,0.05021136254072189,-0.9936357140541077,0.10082802176475525,0,0,0.35923901200294495,0,1
K0.071,0.997944712638855,-0.0023811038117855787,0.06404032558202744,0,-0.008670669049024582,0.9851034879684448,0.17174308001995087,0,-0.06349529325962067,-0.17194537818431854,0.9830582737922668,0,-0.004235146567225456,1.4344384670257568,0.012288312427699566,1,0.9585055112838745,-0.017908314242959023,-0.28451061248779297,0,0.03258658945560455,0.9983656406402588,0.04694158211350441,0,0.28320518136024475,-0.054265037178993225,0.9575232863426208,0,0,0.20184600353240967,-0.00443200021982193,1,0.9992581009864807,0.008785970509052277,-0.03750312700867653,0,-0.009090002626180649,0.9999271035194397,-0.007944099605083466,0,0.03743061050772667,0.008279111236333847,0.9992654323577881,0,0,0.23554399609565735,0,1,0.9992650151252747,0.0077246748842298985,-0.03754324093461037,0,-0.008072029799222946,0.9999263882637024,-0.009109250269830227,0,0.03747009485960007,0.009405601769685745,0.999253511428833,0,0,0.26919299364089966,0,1,0.9970455169677734,-0.05214338377118111,0.05640140548348427,0,0.04559125751256943,0.9926847219467163,0.11179479956626892,0,-0.06181821599602699,-0.10889315605163574,0.9921298027038574,0,0,0.30284199118614197,0,1,0.9771945476531982,0.05197558179497719,0.20588631927967072,0,0.007833520881831646,0.9600974917411804,-0.2795547544956207,0,-0.21220099925994873,0.27479228377342224,0.937795102596283,0,0,0.3297629952430725,-0.0025820001028478146,1,0.12390565127134323,0.04412446171045303,-0.9913121461868286,0,0.9208784699440002,-0.37725192308425903,0.09831015020608902,0,-0.3696366250514984,-0.9250596165657043,-0.08737700432538986,0,0.10646799951791763,0.2636919915676117,-0.001724999980069697,1,0.3718321621417999,-0.49323660135269165,-0.7864212393760681,0,0.8715434670448303,0.47716715931892395,0.11280418187379837,0,0.3196151852607727,-0.727344274520874,0.6073029637336731,0,0,0.22705300152301788,0,1,0.14254653453826904,0.9893727898597717,0.028673643246293068,0,-0.9893966913223267,0.14161573350429535,0.03223565220832825,0,0.027832427993416786,-0.03296467289328575,0.999068558216095,0,0,0.5402770042419434,0,1,0.9914858341217041,-0.12997852265834808,0.007822999730706215,0,0.12967918813228607,0.991070568561554,0.03103870525956154,0,-0.011787510477006435,-0.029759956523776054,0.9994879364967346,0,0,0.4967939853668213,0,1,0.890834391117096,0.43345826864242554,-0.1361197531223297,0,-0.3968428075313568,0.8882444500923157,0.23138241469860077,0,0.22120222449302673,-0.15210522711277008,0.9632933735847473,0,-0.08185800164937973,0.04394900053739548,0,1,0.9997889399528503,0.014486466534435749,-0.014547795057296753,0,-0.013651406392455101,0.9983400106430054,0.05594630911946297,0,0.015334120020270348,-0.055735934525728226,0.9983276724815369,0,-0.009142999537289143,0.07376299798488617,0,1,0.9948307871818542,0.09990840405225754,-0.01815592311322689,0,-0.10049609839916229,0.9943219423294067,-0.03500223159790039,0,0.014555809088051319,0.036645881831645966,0.9992219805717468,0,-0.0005629999795928597,0.09730099886655807,0,1,0.999192476272583,0.040113020688295364,0.002413962036371231,0,-0.04010498523712158,0.9915855526924133,0.12308131903409958,0,0.002543514594435692,-0.12307878583669662,0.9923939108848572,0,0,0.1151529997587204,0.0015910000074654818,1,0.9994859099388123,-0.031923241913318634,-0.0028559083584696054,0,0.03178149089217186,0.9756215214729309,0.21714597940444946,0,-0.004145719110965729,-0.21712513267993927,0.9761345982551575,0,0.00355900009162724,0.14229199290275574,0,1,0.9986322522163391,0.052196040749549866,-0.002900658641010523,0,-0.051959287375211716,0.9971462488174438,0.054770611226558685,0,0.005751193501055241,-0.05454501509666443,0.9984951019287109,0,-0.004298000130802393,0.11636000126600266,0,1,0.06867899000644684,-0.021763047203421593,0.9974010586738586,0,-0.923927366733551,-0.37854236364364624,0.05536003038287163,0,0.37635380029678345,-0.9253283739089966,-0.04610536992549896,0,-0.10646799951791763,0.2636539936065674,0.000004999999873689376,1,0.9852034449577332,-0.16463536024093628,-0.04763781279325485,0,0.16547943651676178,0.8413918018341064,0.5144664645195007,0,-0.04461732506752014,-0.5147373676300049,0.8561861515045166,0,0,0.22705300152301788,0,1,-0.521174430847168,-0.85257887840271,-0.03854901343584061,0,0.8526014089584351,-0.5221388936042786,0.021026799455285072,0,-0.0380549393594265,-0.021908309310674667,0.9990352988243103,0,0,0.5401849746704102,0,1,0.8248725533485413,0.4522978961467743,0.3391335904598236,0,-0.35031160712242126,0.8797957301139832,-0.3213109076023102,0,-0.4436965584754944,0.14623816311359406,0.8841646909713745,0,0,0.4968239963054657,0,1,0.9666381478309631,-0.07744622975587845,0.2441571056842804,0,0.04453349858522415,0.9894924759864807,0.13755358755588531,0,-0.25224462151527405,-0.1220913827419281,0.9599301218986511,0,0.08952900022268295,0.05150499939918518,0,1,0.9981199502944946,-0.05299149081110954,0.03080059215426445,0,0.05300965905189514,0.998593807220459,0.00022645761782769114,0,-0.030769294127821922,0.001406697672791779,0.9995259046554565,0,0.01981399953365326,0.08021900057792664,0,1,0.9432088136672974,-0.33215591311454773,0.005415556952357292,0,0.3314209282398224,0.9397557973861694,-0.08377870172262192,0,0.022738298401236534,0.08081567287445068,0.9964697957038879,0,0.0024770000018179417,0.09086299687623978,0,1,0.9997419714927673,-0.0226327832788229,-0.0017057635122910142,0,0.02269621379673481,0.9974979758262634,0.0669497549533844,0,0.00018623638607095927,-0.06697124242782593,0.9977549910545349,0,0,0.11305999755859375,0.001303000026382506,1,0.9992889761924744,0.037541747093200684,0.0033849154133349657,0,-0.03694624826312065,0.9577090740203857,0.28535696864128113,0,0.007471032906323671,-0.2852790653705597,0.9584149122238159,0,-0.00254100002348423,0.15283699333667755,0,1,0.9954749941825867,-0.09497121721506119,0.003271352266892791,0,0.09484366327524185,0.9951000809669495,0.027928877621889114,0,-0.005907764658331871,-0.02749224379658699,0.9996050596237183,0,0.006070000119507313,0.11340600252151489,0,1,-0.9900423884391785,-0.14024797081947327,-0.012127634137868881,0,0.06727525591850281,-0.547062873840332,0.834384024143219,0,-0.12365517765283585,0.8252591490745544,0.5510503649711609,0,0.1860329955816269,-0.11189699918031693,-0.003965000156313181,1,0.9685835242271423,0.07809587568044662,0.23610585927963257,0,0.20403367280960083,0.2932504415512085,-0.9340103268623352,0,-0.14218056201934814,0.9528409838676453,0.2681034803390503,0,0,0.6513429880142212,0,1,0.9458445906639099,0.26653581857681274,0.1853007674217224,0,-0.30312860012054443,0.5209500193595886,0.7979499697685242,0,0.11614984273910522,-0.8109068870544434,0.5735325217247009,0,0,0.5067660212516785,0,1,0.9997315406799316,-0.00012044948380207643,0.023180998861789703,0,-0.014027518220245838,0.7929782867431641,0.6090878844261169,0,-0.018455399200320244,-0.6092496514320374,0.7927639484405518,0,0,0.3611550033092499,0,1,-0.9980728030204773,-0.010105312801897526,-0.061220694333314896,0,0.03296637907624245,-0.9222361445426941,-0.3852187991142273,0,-0.05256719887256622,-0.38649478554725647,0.920792281627655,0,-0.1860329955816269,-0.11189699918031693,-0.0019519999623298645,1,0.9909151196479797,-0.07427231967449188,0.11211828887462616,0,0.10535040497779846,0.9468799233436584,-0.3038428723812103,0,-0.08359543234109879,0.31289416551589966,0.9461021423339844,0,0,0.6512380242347717,0,1,0.9867018461227417,0.042031180113554,-0.15701383352279663,0,0.0033021625131368637,0.9606048464775085,0.27789655327796936,0,0.16250865161418915,-0.2747196555137634,0.9476922154426575,0,0,0.5072460174560547,0,1,0.9998767375946045,-0.0025957333855330944,-0.015478885732591152,0,0.01119952742010355,0.8089350461959839,0.5877920985221863,0,0.010995655320584774,-0.5878926515579224,0.8088639974594116,0,0,0.35923901200294495,0,1
