3.500,30,104,41
B0,mixamorig_Hips,-1,0.9964749217033386,-0.02273397333920002,-0.08074823021888733,0,0.01565505750477314,0.9960640072822571,-0.08724182099103928,0,0.08241378515958786,0.08567019551992416,0.9929090142250061,0,-0.004435000009834766,1.459594964981079,0.016489999368786812,1
B1,mixamorig_Spine,0,0.9998660087585449,0.015630731359124184,0.004892094526439905,0,-0.01573026366531849,0.99965500831604,0.021016927435994148,0,-0.004561897832900286,-0.021091068163514137,0.999767005443573,0,0,0.20184600353240967,-0.00443200021982193,1
B2,mixamorig_Spine1,1,0.9999759793281555,0.004362199455499649,0.005361848045140505,0,-0.004806815180927515,0.9962909817695618,0.08591814339160919,0,-0.004967168904840946,-0.0859418585896492,0.996288001537323,0,0,0.23554399609565735,0,1
B3,mixamorig_Spine2,2,0.9999780058860779,0.0043803490698337555,0.00503207091242075,0,-0.004796645138412714,0.996289074420929,0.08593787997961044,0,-0.0046369582414627075,-0.08596011996269226,0.996288001537323,0,0,0.26919299364089966,0,1
B4,mixamorig_Neck,3,0.9999110102653503,-0.008703748695552349,-0.010065040551126003,0,0.00957324355840683,0.9959099888801575,0.08983980119228363,0,0.009241933934390545,-0.08992818742990494,0.9959049224853516,0,0,0.30284199118614197,0,1
B5,mixamorig_Head,4,0.9989809989929199,0.02586907148361206,-0.0369732566177845,0,-0.03655285760760307,0.9443569183349609,-0.3268841505050659,0,0.026459788903594017,0.3279028534889221,0.9443411231040955,0,0,0.3297629952430725,-0.0025820001028478146,1
B6,mixamorig_HeadTop_End,5,1,0,0,0,0,1,0,0,0,0,1,0,0,0.9484109878540039,-0.007424999959766865,1
B7,mixamorig_LeftShoulder,3,-0.16622920334339142,-0.00017678775475360453,-0.9860870838165283,0,0.8565030694007874,-0.49556106328964233,-0.14429575204849243,0,-0.48864099383354187,-0.8685730695724487,0.08252809941768646,0,0.10646799951791763,0.2636919915676117,-0.001724999980069697,1
B8,mixamorig_LeftArm,7,0.9103560447692871,0.32643869519233704,0.25434115529060364,0,-0.40915414690971375,0.6179212331771851,0.6713918447494507,0,0.062005430459976196,-0.7152701020240784,0.6960918307304382,0,0,0.22705300152301788,0,1
B9,mixamorig_LeftForeArm,8,0.9558110237121582,0.29397496581077576,0.002176702721044421,0,-0.29398199915885925,0.9557629823684692,0.009579241275787354,0,0.0007356451242230833,-0.009795855730772018,0.999951958656311,0,0,0.5402770042419434,0,1
B10,mixamorig_LeftHand,9,0.7581720948219299,0.2016771137714386,-0.6200817823410034,0,-0.010179785080254078,0.9545109272003174,0.2980009913444519,0,0.6519750952720642,-0.21962381899356842,0.7257368564605713,0,0,0.4967939853668213,0,1
B11,mixamorig_LeftHandThumb1,10,0.9643270969390869,0.1244557648897171,-0.23363272845745087,0,-0.04636306315660477,0.9483498930931091,0.3138193190097809,0,0.2606222927570343,-0.2917926609516144,0.9202900528907776,0,-0.08185800164937973,0.04394900053739548,0,1
B12,mixamorig_LeftHandThumb2,11,0.9711190462112427,-0.061033617705106735,0.23065689206123352,0,0.07558634877204895,0.9956330060958862,-0.05478378385305405,0,-0.22630606591701508,0.07063612341880798,0.9714919328689575,0,-0.009142999537289143,0.07376299798488617,0,1
B13,mixamorig_LeftHandThumb3,12,0.9928770065307617,0.062293581664562225,0.10156109184026718,0,-0.051807429641485214,0.9933509826660156,-0.10280495136976242,0,-0.10728994011878967,0.09681109338998795,0.989503026008606,0,-0.0005629999795928597,0.09730099886655807,0,1
B14,mixamorig_LeftHandThumb4,13,1,0,0,0,0,1,0,0,0,0,1,0,0.009705999866127968,0.08156999945640564,0,1
B15,mixamorig_LeftHandIndex1,10,0.9982669353485107,0.05807541310787201,0.009486180730164051,0,-0.05855054408311844,0.9641710519790649,0.2587389051914215,0,0.00588007178157568,-0.25884610414505005,0.9659010767936707,0,0,0.1151529997587204,0.0015910000074654818,1
B16,mixamorig_LeftHandIndex2,15,0.99993497133255,-0.01112933550029993,-0.0022961401846259832,0,0.011211637407541275,0.9332541227340698,0.35904166102409363,0,-0.0018530143424868584,-0.35904428362846375,0.9333187937736511,0,0.00355900009162724,0.14229199290275574,0,1
B17,mixamorig_LeftHandIndex3,16,0.9975600242614746,0.06981217116117477,0.00021210385602898896,0,-0.06867681443691254,0.9807819724082947,0.18262003362178802,0,0.012541067786514759,-0.18218894302845,0.9831830263137817,0,-0.004298000130802393,0.11636000126600266,0,1
B18,mixamorig_LeftHandIndex4,17,1,0,0,0,0,1,0,0,0,0,1,0,0.0007389999809674919,0.0909150019288063,0,1
B19,mixamorig_RightShoulder,3,0.19452737271785736,-0.05405285954475403,0.9794068932533264,0,-0.8462830781936646,-0.5140870213508606,0.13971447944641113,0,0.49594801664352417,-0.8560330271720886,-0.14574787020683289,0,-0.10646799951791763,0.2636539936065674,0.000004999999873689376,1
B20,mixamorig_RightArm,19,0.9919170141220093,-0.12681204080581665,-0.004343923181295395,0,0.105165995657444,0.802483856678009,0.5873320698738098,0,-0.07099489122629166,-0.5830418467521667,0.8093340992927551,0,0,0.22705300152301788,0,1
B21,mixamorig_RightForeArm,20,0.864201009273529,-0.5031280517578125,-0.0043838550336658955,0,0.503140926361084,0.8641150593757629,0.012408217415213585,0,-0.0024547651410102844,-0.012928885407745838,0.9999129772186279,0,0,0.5401849746704102,0,1
B22,mixamorig_RightHand,21,0.7132371068000793,-0.02192014642059803,0.7005799412727356,0,-0.3246230185031891,0.875523030757904,0.3578817844390869,0,-0.6212189197540283,-0.482679158449173,0.6173399686813354,0,0,0.4968239963054657,0,1
B23,mixamorig_RightHandThumb1,22,0.9928889870643616,-0.07692684978246689,0.09084904938936234,0,0.05223717540502548,0.9673069715499878,0.24817170202732086,0,-0.10696999728679657,-0.24166128039360046,0.9644469618797302,0,0.08952900022268295,0.05150499939918518,0,1
B24,mixamorig_RightHandThumb2,23,0.9845259785652161,0.009544053114950657,-0.17497777938842773,0,0.00112701125908643,0.9981500506401062,0.06078468635678291,0,0.17523419857025146,-0.06004130467772484,0.9826939105987549,0,0.01981399953365326,0.08021900057792664,0,1
B25,mixamorig_RightHandThumb3,24,0.9455997943878174,-0.3088553845882416,-0.10222207754850388,0,0.30000853538513184,0.9493701457977295,-0.09322910010814667,0,0.12584084272384644,0.057489898055791855,0.9903830885887146,0,0.0024770000018179417,0.09086299687623978,0,1
B26,mixamorig_RightHandThumb4,25,1,0,0,0,0,1,0,0,0,0,1,0,-0.022290999069809914,0.06606300175189972,0,1
B27,mixamorig_RightHandIndex1,22,0.9976820349693298,-0.06497474759817123,-0.02023698017001152,0,0.06706823408603668,0.8883479237556458,0.45424696803092957,0,-0.011537096463143826,-0.45455101132392883,0.8906459808349609,0,0,0.11305999755859375,0.001303000026382506,1
B28,mixamorig_RightHandIndex2,27,0.9987050294876099,0.05086909234523773,0.00017000366642605513,0,-0.050128914415836334,0.9835940599441528,0.1732918918132782,0,0.00864799227565527,-0.17307612299919128,0.984870970249176,0,-0.00254100002348423,0.15283699333667755,0,1
B29,mixamorig_RightHandIndex3,28,0.9948509931564331,-0.10135099291801453,0.0006301476969383657,0,0.10091201215982437,0.991083025932312,0.08701785653829575,0,-0.00944387074559927,-0.08650617301464081,0.996207058429718,0,0.006070000119507313,0.11340600252151489,0,1
B30,mixamorig_RightHandIndex4,29,1,0,0,0,0,1,0,0,0,0,1,0,-0.0035290000960230827,0.09126099944114685,0,1
B31,mixamorig_LeftUpLeg,0,-0.9404789209365845,-0.2752580940723419,0.19933104515075684,0,0.2805768847465515,-0.9598300457000732,-0.0016272724606096745,0,0.19177186489105225,0.05439726635813713,0.9799309968948364,0,0.1860329955816269,-0.11189699918031693,-0.003965000156313181,1
B32,mixamorig_LeftLeg,31,0.9995089769363403,-0.030882855877280235,-0.005240306723862886,0,0.02647624909877777,0.922311007976532,-0.3855399787425995,0,0.016739772632718086,0.3852120041847229,0.9226759672164917,0,0,0.6513429880142212,0,1
B33,mixamorig_LeftFoot,32,0.9818599820137024,-0.04741370677947998,0.1835847645998001,0,-0.14819613099098206,0.4120747447013855,0.8990170955657959,0,-0.11827640980482101,-0.9099157452583313,0.3975732922554016,0,0,0.5067660212516785,0,1
B34,mixamorig_LeftToeBase,33,0.999629020690918,-0.0010381966130807996,0.0272092055529356,0,-0.016216028481721878,0.7800419330596924,0.6255180835723877,0,-0.0218737181276083,-0.6257268190383911,0.7797351479530334,0,0,0.3611550033092499,0,1
B35,mixamorig_LeftToe_End,34,1,0,0,0,0,1,0,0,0,0,1,0,0,0.13561299443244934,0,1
B36,mixamorig_RightUpLeg,0,-0.9810730814933777,0.15268099308013916,-0.11910094320774078,0,-0.14276400208473206,-0.9858530759811401,-0.08781721442937851,0,-0.1308240443468094,-0.06915177404880524,0.9889910817146301,0,-0.1860329955816269,-0.11189699918031693,-0.0019519999623298645,1
B37,mixamorig_RightLeg,36,0.9999719858169556,0.007501280400902033,-0.0008142842561937869,0,-0.007337640970945358,0.9416190981864929,-0.3365986943244934,0,-0.0017581754364073277,0.3365952670574188,0.9416478872299194,0,0,0.6512380242347717,0,1
B38,mixamorig_RightFoot,37,0.9818400144577026,0.02759714238345623,-0.18769486248493195,0,0.16626416146755219,0.3512900471687317,0.9213859438896179,0,0.09136290103197098,-0.9358599781990051,0.34032201766967773,0,0,0.5072460174560547,0,1
B39,mixamorig_RightToeBase,38,0.9995660185813904,0.0014788019470870495,-0.029405156150460243,0,0.01756475307047367,0.7715879082679749,0.635880172252655,0,0.02362900786101818,-0.6361207365989685,0.7712271213531494,0,0,0.35923901200294495,0,1
B40,mixamorig_RightToe_End,39,1,0,0,0,0,1,0,0,0,0,1,0,0,0.13514000177383423,0,1
@34,0,1,2,3,4,5,7,8,9,10,11,12,13,15,16,17,19,20,21,22,23,24,25,27,28,29,31,32,33,34,36,37,38,39
K0,0.9964749217033386,-0.022733956575393677,-0.08074823021888733,0,0.015655040740966797,0.9960640072822571,-0.08724182099103928,0,0.08241378515958786,0.08567019551992416,0.9929090142250061,0,-0.004435000009834766,1.459594964981079,0.016489999368786812,1,0.9998660087585449,0.015630733221769333,0.004892098717391491,0,-0.01573026552796364,0.99965500831604,0.021016931161284447,0,-0.004561901558190584,-0.021091071888804436,0.999767005443573,0,0,0.20184600353240967,-0.00443200021982193,1,0.9999759793281555,0.004362192470580339,0.005361839197576046,0,-0.004806807730346918,0.9962909817695618,0.08591814339160919,0,-0.004967160522937775,-0.0859418585896492,0.996288001537323,0,0,0.23554399609565735,0,1,0.9999780058860779,0.004380352795124054,0.005032056011259556,0,-0.0047966474667191505,0.996289074420929,0.08593787997961044,0,-0.004636943340301514,-0.08596011996269226,0.996288001537323,0,0,0.26919299364089966,0,1,0.9999110102653503,-0.008703751489520073,-0.010065053589642048,0,0.009573247283697128,0.9959099888801575,0.08983980119228363,0,0.009241946041584015,-0.08992818742990494,0.9959049224853516,0,0,0.30284199118614197,0,1,0.9989809989929199,0.025869108736515045,-0.036973241716623306,0,-0.03655288740992546,0.9443569183349609,-0.3268841803073883,0,0.02645975723862648,0.3279028534889221,0.9443411231040955,0,0,0.3297629952430725,-0.0025820001028478146,1,-0.1662290245294571,-0.00017668931104708463,-0.9860870242118835,0,0.8565031886100769,-0.49556073546409607,-0.14429570734500885,0,-0.48864075541496277,-0.8685731887817383,0.08252795785665512,0,0.10646799951791763,0.2636919915676117,-0.001724999980069697,1,0.9103559851646423,0.32643869519233704,0.25434136390686035,0,-0.4091542959213257,0.6179211139678955,0.6713918447494507,0,0.062005359679460526,-0.7152702212333679,0.6960917115211487,0,0,0.22705300152301788,0,1,0.9558110237121582,0.29397499561309814,0.002176666632294655,0,-0.29398202896118164,0.9557629227638245,0.009579197503626347,0,0.000735666835680604,-0.009795802645385265,0.999951958656311,0,0,0.5402770042419434,0,1,0.7581720352172852,0.20167720317840576,-0.6200818419456482,0,-0.010179794393479824,0.9545109272003174,0.29800108075141907,0,0.651975154876709,-0.2196238785982132,0.7257367968559265,0,0,0.4967939853668213,0,1,0.9643270969390869,0.12445586174726486,-0.23363271355628967,0,-0.04636314883828163,0.9483498930931091,0.31381934881210327,0,0.2606223225593567,-0.29179269075393677,0.9202900528907776,0,-0.08185800164937973,0.04394900053739548,0,1,0.9711190462112427,-0.06103362888097763,0.23065690696239471,0,0.07558637112379074,0.9956330060958862,-0.05478382110595703,0,-0.22630608081817627,0.07063616067171097,0.9714919328689575,0,-0.009142999537289143,0.07376299798488617,0,1,0.9928770065307617,0.06229357048869133,0.10156106948852539,0,-0.051807425916194916,0.9933509826660156,-0.10280492901802063,0,-0.10728991776704788,0.09681107103824615,0.989503026008606,0,-0.0005629999795928597,0.09730099886655807,0,1,0.9982669353485107,0.0580754391849041,0.009486128576099873,0,-0.058550555258989334,0.9641710519790649,0.2587389051914215,0,0.005880129057914019,-0.25884607434272766,0.9659010767936707,0,0,0.1151529997587204,0.0015910000074654818,1,0.99993497133255,-0.011129360646009445,-0.002296079881489277,0,0.011211639270186424,0.9332541227340698,0.35904166102409363,0,-0.0018530796514824033,-0.35904428362846375,0.9333187937736511,0,0.00355900009162724,0.14229199290275574,0,1,0.9975600242614746,0.06981217861175537,0.00021208697580732405,0,-0.06867682188749313,0.9807819724082947,0.18262004852294922,0,0.012541087344288826,-0.1821889579296112,0.9831830263137817,0,-0.004298000130802393,0.11636000126600266,0,1,0.19452732801437378,-0.05405259504914284,0.9794068932533264,0,-0.8462832570075989,-0.5140867233276367,0.13971464335918427,0,0.4959477186203003,-0.8560332655906677,-0.1457475870847702,0,-0.10646799951791763,0.2636539936065674,0.000004999999873689376,1,0.9919170141220093,-0.12681202590465546,-0.004343898501247168,0,0.10516596585512161,0.802483856678009,0.5873320698738098,0,-0.07099489867687225,-0.5830418467521667,0.8093340992927551,0,0,0.22705300152301788,0,1,0.864201009273529,-0.5031280517578125,-0.004383796826004982,0,0.503140926361084,0.8641150593757629,0.012408178299665451,0,-0.002454797038808465,-0.012928822077810764,0.9999129772186279,0,0,0.5401849746704102,0,1,0.7132369875907898,-0.021920140832662582,0.7005800008773804,0,-0.32462313771247864,0.8755229711532593,0.3578817546367645,0,-0.6212189793586731,-0.48267921805381775,0.6173398494720459,0,0,0.4968239963054657,0,1,0.9928889870643616,-0.0769268348813057,0.09084902703762054,0,0.05223716422915459,0.9673069715499878,0.24817170202732086,0,-0.10696996748447418,-0.24166128039360046,0.9644469618797302,0,0.08952900022268295,0.05150499939918518,0,1,0.9845259785652161,0.00954403355717659,-0.17497779428958893,0,0.0011270329123362899,0.9981500506401062,0.06078468635678291,0,0.17523421347141266,-0.06004130840301514,0.9826939105987549,0,0.01981399953365326,0.08021900057792664,0,1,0.9455997943878174,-0.30885541439056396,-0.10222212225198746,0,0.3000085651874542,0.9493701457977295,-0.09322910755872726,0,0.12584088742733002,0.05748989060521126,0.9903830885887146,0,0.0024770000018179417,0.09086299687623978,0,1,0.9976820349693298,-0.06497474759817123,-0.020237041637301445,0,0.06706825643777847,0.8883479237556458,0.45424696803092957,0,-0.011537039652466774,-0.45455101132392883,0.8906459808349609,0,0,0.11305999755859375,0.001303000026382506,1,0.9987050294876099,0.05086909234523773,0.00016999777290038764,0,-0.050128910690546036,0.9835940599441528,0.1732918918132782,0,0.008647997863590717,-0.17307612299919128,0.984870970249176,0,-0.00254100002348423,0.15283699333667755,0,1,0.9948509931564331,-0.10135099291801453,0.0006301392568275332,0,0.10091201215982437,0.991083025932312,0.08701784908771515,0,-0.009443861432373524,-0.08650616556406021,0.996207058429718,0,0.006070000119507313,0.11340600252151489,0,1,-0.9404789209365845,-0.2752581238746643,0.19933108985424042,0,0.2805769145488739,-0.959830105304718,-0.0016272780485451221,0,0.19177190959453583,0.054397281259298325,0.9799309968948364,0,0.1860329955816269,-0.11189699918031693,-0.003965000156313181,1,0.9995089769363403,-0.03088279254734516,-0.005240277852863073,0,0.02647620253264904,0.922311007976532,-0.3855399787425995,0,0.016739722341299057,0.3852120041847229,0.9226759672164917,0,0,0.6513429880142212,0,1,0.9818600416183472,-0.047413866966962814,0.1835845410823822,0,-0.14819586277008057,0.41207462549209595,0.8990172147750854,0,-0.118276447057724,-0.9099158048629761,0.39757317304611206,0,0,0.5067660212516785,0,1,0.999629020690918,-0.001038127113133669,0.027209272608160973,0,-0.016216125339269638,0.7800418734550476,0.6255180835723877,0,-0.021873725578188896,-0.6257268190383911,0.7797350883483887,0,0,0.3611550033092499,0,1,-0.9810730814933777,0.15268099308013916,-0.11910095810890198,0,-0.14276400208473206,-0.9858530759811401,-0.0878172218799591,0,-0.13082405924797058,-0.06915177404880524,0.9889910817146301,0,-0.1860329955816269,-0.11189699918031693,-0.0019519999623298645,1,0.9999719858169556,0.0075013297609984875,-0.0008142369333654642,0,-0.007337671238929033,0.9416190981864929,-0.3365987241268158,0,-0.0017582369036972523,0.3365952968597412,0.9416478872299194,0,0,0.6512380242347717,0,1,0.9818399548530579,0.02759724110364914,-0.1876949667930603,0,0.16626423597335815,0.35128989815711975,0.9213860034942627,0,0.09136301279067993,-0.9358600974082947,0.3403218686580658,0,0,0.5072460174560547,0,1,0.9995660185813904,0.0014787482796236873,-0.029405081644654274,0,0.017564749345183372,0.7715879082679749,0.635880172252655,0,0.02362891472876072,-0.6361207962036133,0.7712271213531494,0,0,0.35923901200294495,0,1
K0.034,0.9965839982032776,-0.024974843487143517,-0.07871406525373459,0,0.018766872584819794,0.9967261552810669,-0.0786430686712265,0,0.08042048662900925,0.07689721882343292,0.9937902092933655,0,-0.004708962049335241,1.4569692611694336,0.023561468347907066,1,0.9998548030853271,0.016734421253204346,0.0032016660552471876,0,-0.01678164303302765,0.9997414946556091,0.015338798053562641,0,-0.002944151172414422,-0.015390293672680855,0.9998767375946045,0,0,0.20184600353240967,-0.00443200021982193,1,0.9999910593032837,0.0038157750386744738,0.0016432206612080336,0,-0.003927665762603283,0.9972091317176819,0.07455188035964966,0,-0.0013541625812649727,-0.07455774396657944,0.9972161650657654,0,0,0.23554399609565735,0,1,0.9999921321868896,0.003832164453342557,0.0013249341864138842,0,-0.003920285031199455,0.9972090721130371,0.07455842196941376,0,-0.0010355160338804126,-0.07456301152706146,0.997215986251831,0,0,0.26919299364089966,0,1,0.9999094605445862,-0.010349157266318798,-0.00853497814387083,0,0.010988986119627953,0.9968397617340088,0.07868082076311111,0,0.00769372982904315,-0.07876753062009811,0.9968637824058533,0,0,0.30284199118614197,0,1,0.9989925026893616,0.03498668968677521,-0.02810518816113472,0,-0.04252149164676666,0.9381803870201111,-0.3435245454311371,0,0.014348950237035751,0.34437355399131775,0.9387229681015015,0,0,0.3297629952430725,-0.0025820001028478146,1,-0.1668417751789093,-0.00008870655437931418,-0.985983669757843,0,0.8553081750869751,-0.4975082278251648,-0.14468495547771454,0,-0.49052196741104126,-0.8674589991569519,0.08308101445436478,0,0.10646799951791763,0.2636919915676117,-0.001724999980069697,1,0.9089403748512268,0.3667573034763336,0.1982828676700592,0,-0.40270477533340454,0.6491438746452332,0.645322322845459,0,0.10796254873275757,-0.6664087772369385,0.7377278208732605,0,0,0.22705300152301788,0,1,0.9562242031097412,0.2926262617111206,0.002163486322388053,0,-0.2926334738731384,0.956177294254303,0.009534694254398346,0,0.0007214254583232105,-0.009750413708388805,0.9999520778656006,0,0,0.5402770042419434,0,1,0.7274079918861389,0.28786593675613403,-0.6229049563407898,0,-0.055661480873823166,0.9295141696929932,0.36456099152565,0,0.6839436292648315,-0.23051273822784424,0.6921589970588684,0,0,0.4967939853668213,0,1,0.9643270373344421,0.1244552955031395,-0.23363281786441803,0,-0.046362705528736115,0.9483500719070435,0.3138188123703003,0,0.26062214374542236,-0.2917921543121338,0.9202898740768433,0,-0.08185800164937973,0.04394900053739548,0,1,0.9711188673973083,-0.061033107340335846,0.23065735399723053,0,0.07558587938547134,0.995633065700531,-0.05478385463356972,0,-0.22630663216114044,0.07063613831996918,0.9714920520782471,0,-0.009142999537289143,0.07376299798488617,0,1,0.9928770065307617,0.06229356676340103,0.10156106948852539,0,-0.05180742219090462,0.9933509826660156,-0.10280492901802063,0,-0.10728991776704788,0.09681107103824615,0.989503026008606,0,-0.0005629999795928597,0.09730099886655807,0,1,0.9982669949531555,0.058075930923223495,0.009486193768680096,0,-0.05855104699730873,0.9641709923744202,0.2587389051914215,0,0.005880194250494242,-0.25884607434272766,0.9659010767936707,0,0,0.1151529997587204,0.0015910000074654818,1,0.99993497133255,-0.01112935971468687,-0.00229608453810215,0,0.011211640201508999,0.9332541227340698,0.35904166102409363,0,-0.0018530748784542084,-0.35904428362846375,0.9333187937736511,0,0.00355900009162724,0.14229199290275574,0,1,0.9975600242614746,0.06981267035007477,0.00021213565196376294,0,-0.06867732107639313,0.9807819724082947,0.18261995911598206,0,0.012541135773062706,-0.18218906223773956,0.9831840395927429,0,-0.004298000130802393,0.11636000126600266,0,1,0.1944599598646164,-0.05409765988588333,0.9794177412986755,0,-0.8461751341819763,-0.514295220375061,0.13959819078445435,0,0.49615779519081116,-0.8559048175811768,-0.14578577876091003,0,-0.10646799951791763,0.2636539936065674,0.000004999999873689376,1,0.992062509059906,-0.11929743736982346,0.03973947465419769,0,0.07396169751882553,0.8092096447944641,0.5828463435173035,0,-0.10168961435556412,-0.5752806067466736,0.8116097450256348,0,0,0.22705300152301788,0,1,0.8474282622337341,-0.5308892726898193,-0.004797386471182108,0,0.5309028625488281,0.847331702709198,0.013092503882944584,0,-0.0028856901917606592,-0.013641894795000553,0.9999027848243713,0,0,0.5401849746704102,0,1,0.7131741046905518,-0.05481608584523201,0.6988404393196106,0,-0.3321281671524048,0.8515118956565857,0.40573176741600037,0,-0.6173116564750671,-0.521462082862854,0.5890703201293945,0,0,0.4968239963054657,0,1,0.9928889870643616,-0.07692735642194748,0.09084893763065338,0,0.05223764479160309,0.9673069715499878,0.24817220866680145,0,-0.10697006434202194,-0.24166177213191986,0.9644470810890198,0,0.08952900022268295,0.05150499939918518,0,1,0.9845259189605713,0.009544974192976952,-0.17497725784778595,0,0.001125972718000412,0.9981499910354614,0.06078427657485008,0,0.17523376643657684,-0.060040730983018875,0.9826940298080444,0,0.01981399953365326,0.08021900057792664,0,1,0.9456000328063965,-0.3088560104370117,-0.10222212225198746,0,0.30000901222229004,0.9493700265884399,-0.09322912991046906,0,0.12584088742733002,0.05748986080288887,0.9903830885887146,0,0.0024770000018179417,0.09086299687623978,0,1,0.9976820349693298,-0.06497523933649063,-0.020237160846590996,0,0.06706875562667847,0.8883479833602905,0.45424699783325195,0,-0.01153715793043375,-0.45455101132392883,0.8906459808349609,0,0,0.11305999755859375,0.001303000026382506,1,0.9987050294876099,0.05086909234523773,0.00016999633226078004,0,-0.050128910690546036,0.9835940599441528,0.17329198122024536,0,0.008647996000945568,-0.17307603359222412,0.9848700165748596,0,-0.00254100002348423,0.15283699333667755,0,1,0.9948499798774719,-0.10135094076395035,0.0006301371031440794,0,0.10091205686330795,0.991083025932312,0.08701784908771515,0,-0.009443864226341248,-0.08650616556406021,0.996207058429718,0,0.006070000119507313,0.11340600252151489,0,1,-0.9364481568336487,-0.283685564994812,0.2063688039779663,0,0.28986456990242004,-0.9570673704147339,-0.0003056314599234611,0,0.197595477104187,0.0595327764749527,0.9784740209579468,0,0.1860329955816269,-0.11189699918031693,-0.003965000156313181,1,0.9992840886116028,-0.03753146529197693,-0.0048410892486572266,0,0.03269675746560097,0.9207168817520142,-0.3888589143753052,0,0.01905171573162079,0.3884222209453583,0.9212847948074341,0,0,0.6513429880142212,0,1,0.9816465377807617,-0.05866745486855507,0.18145973980426788,0,-0.14254578948020935,0.40637725591659546,0.902518093585968,0,-0.12668956816196442,-0.9118201732635498,0.39055606722831726,0,0,0.5067660212516785,0,1,0.9996592402458191,-0.0007768190698698163,0.026101378723978996,0,-0.01560606062412262,0.7836393713951111,0.6210203766822815,0,-0.02093646675348282,-0.6212154626846313,0.7833593487739563,0,0,0.3611550033092499,0,1,-0.9799214601516724,0.15531088411808014,-0.12503349781036377,0,-0.14546087384223938,-0.985754132270813,-0.08444231003522873,0,-0.1363670378923416,-0.06455931812524796,0.9885528087615967,0,-0.1860329955816269,-0.11189699918031693,-0.0019519999623298645,1,0.9998680353164673,0.016199974343180656,-0.0014151530340313911,0,-0.01571214571595192,0.9399834871292114,-0.34085652232170105,0,-0.004191649612039328,0.34083399176597595,0.9401145577430725,0,0,0.6512380242347717,0,1,0.9818046689033508,0.030993331223726273,-0.18735061585903168,0,0.16552045941352844,0.3439136743545532,0.9242978692054749,0,0.09307943284511566,-0.9384894967079163,0.33252575993537903,0,0,0.5072460174560547,0,1,0.9995759725570679,0.001399606466293335,-0.029084859415888786,0,0.017383314669132233,0.7726432085037231,0.6346030831336975,0,0.02336040697991848,-0.6348393559455872,0.7722910642623901,0,0,0.35923901200294495,0,1
K0.067,0.9963586926460266,-0.027469124644994736,-0.08070903271436691,0,0.02116015926003456,0.9967278838157654,-0.07801026850938797,0,0.08258789032697678,0.07601846009492874,0.9936805963516235,0,-0.005767079070210457,1.4537501335144043,0.03328971564769745,1,0.9998322129249573,0.018122350797057152,0.0026709609664976597,0,-0.018149344250559807,0.9997808933258057,0.010453373193740845,0,-0.0024809346068650484,-0.010500089265406132,0.9999414682388306,0,0,0.20184600353240967,-0.00443200021982193,1,0.999997079372406,0.0024417988024652004,-0.00028130123973824084,0,-0.0024184612557291985,0.997898519039154,0.0647459477186203,0,0.00043880660086870193,-0.06474506855010986,0.9979013800621033,0,0,0.23554399609565735,0,1,0.9999970197677612,0.002457022899761796,-0.0005963918520137668,0,-0.0024132560938596725,0.9978994727134705,0.06474397331476212,0,0.0007542157545685768,-0.06474227458238602,0.9979013800621033,0,0,0.26919299364089966,0,1,0.9999562501907349,-0.00806810986250639,-0.0047217849642038345,0,0.00836804136633873,0.9976921081542969,0.067386694252491,0,0.0041672042571008205,-0.0674232542514801,0.9977158904075623,0,0,0.30284199118614197,0,1,0.9995570182800293,0.02533421851694584,-0.01561814360320568,0,-0.029666153714060783,0.8901174664497375,-0.45476487278938293,0,0.0023808684200048447,0.4550267457962036,0.8904747366905212,0,0,0.3297629952430725,-0.0025820001028478146,1,-0.16581888496875763,-0.00006217824557097629,-0.9861558675765991,0,0.8563045263290405,-0.49600425362586975,-0.1439535766839981,0,-0.4891286790370941,-0.8683200478553772,0.08230022341012955,0,0.10646799951791763,0.2636919915676117,-0.001724999980069697,1,0.9030383825302124,0.41408851742744446,0.1142481341958046,0,-0.39411208033561707,0.6928793787956238,0.6038168668746948,0,0.17087329924106598,-0.5902958512306213,0.7888932228088379,0,0,0.22705300152301788,0,1,0.9645923972129822,0.2637374699115753,0.0018908556085079908,0,-0.26374393701553345,0.9645544290542603,0.008593929000198841,0,0.0004427078820299357,-0.008788342587649822,0.999961256980896,0,0,0.5402770042419434,0,1,0.6654791831970215,0.4401581287384033,-0.602824866771698,0,-0.1812189370393753,0.8787381649017334,0.4415649473667145,0,0.7240834832191467,-0.18460895121097565,0.6645468473434448,0,0,0.4967939853668213,0,1,0.9643270373344421,0.1244552955031395,-0.23363281786441803,0,-0.046362705528736115,0.9483500719070435,0.3138188123703003,0,0.26062214374542236,-0.2917921543121338,0.9202898740768433,0,-0.08185800164937973,0.04394900053739548,0,1,0.9711190462112427,-0.061032675206661224,0.23065786063671112,0,0.07558534294366837,0.9956330060958862,-0.0547834075987339,0,-0.22630713880062103,0.07063561677932739,0.9714919924736023,0,-0.009142999537289143,0.07376299798488617,0,1,0.9928769469261169,0.06229308992624283,0.10156109929084778,0,-0.051806945353746414,0.9933509826660156,-0.10280490666627884,0,-0.10728991031646729,0.09681110084056854,0.989503026008606,0,-0.0005629999795928597,0.09730099886655807,0,1,0.9982669949531555,0.0580749586224556,0.00948603730648756,0,-0.05855005607008934,0.9641709923744202,0.2587379217147827,0,0.005880036391317844,-0.25884509086608887,0.9659009575843811,0,0,0.1151529997587204,0.0015910000074654818,1,0.99993497133255,-0.011129269376397133,-0.002296570222824812,0,0.011211730539798737,0.9332541227340698,0.35904166102409363,0,-0.0018525893101468682,-0.35904428362846375,0.9333187937736511,0,0.00355900009162724,0.14229199290275574,0,1,0.9975600242614746,0.06981266289949417,0.0002121349680237472,0,-0.06867731362581253,0.9807819724082947,0.18261995911598206,0,0.012541134841740131,-0.18218906223773956,0.9831840395927429,0,-0.004298000130802393,0.11636000126600266,0,1,0.19401533901691437,-0.05402204394340515,0.9795100092887878,0,-0.8462419509887695,-0.5142797231674194,0.13925477862358093,0,0.49621880054473877,-0.8559190630912781,-0.14549364149570465,0,-0.10646799951791763,0.2636539936065674,0.000004999999873689376,1,0.9868021011352539,-0.11559781432151794,0.11339644342660904,0,0.031655825674533844,0.8244783282279968,0.5650076866149902,0,-0.15880659222602844,-0.5539611577987671,0.8172563910484314,0,0,0.22705300152301788,0,1,0.8152848482131958,-0.579033374786377,-0.005590010434389114,0,0.5790485143661499,0.8151682019233704,0.014280186034739017,0,-0.0037119046319276094,-0.014879302121698856,0.9998824000358582,0,0,0.5401849746704102,0,1,0.7205191254615784,-0.11202868819236755,0.6843257546424866,0,-0.3231153190135956,0.8189405798912048,0.4742705821990967,0,-0.6135545372962952,-0.5628376603126526,0.5538646578788757,0,0,0.4968239963054657,0,1,0.9928889870643616,-0.07692738622426987,0.09084893018007278,0,0.0522376112639904,0.9673059582710266,0.2481721043586731,0,-0.10697007179260254,-0.2416619062423706,0.9644470810890198,0,0.08952900022268295,0.05150499939918518,0,1,0.9845259189605713,0.009544974192976952,-0.17497725784778595,0,0.001125972718000412,0.9981499910354614,0.06078427657485008,0,0.17523376643657684,-0.060040730983018875,0.9826940298080444,0,0.01981399953365326,0.08021900057792664,0,1,0.9456000328063965,-0.30885595083236694,-0.10222227871417999,0,0.3000090420246124,0.9493699669837952,-0.09322814643383026,0,0.12584073841571808,0.05748888477683067,0.9903830885887146,0,0.0024770000018179417,0.09086299687623978,0,1,0.9976820349693298,-0.06497474759817123,-0.020237041637301445,0,0.06706825643777847,0.8883479237556458,0.45424696803092957,0,-0.011537039652466774,-0.45455101132392883,0.8906459808349609,0,0,0.11305999755859375,0.001303000026382506,1,0.9987050294876099,0.05086909234523773,0.00016999777290038764,0,-0.050128910690546036,0.9835940599441528,0.1732918918132782,0,0.008647997863590717,-0.17307612299919128,0.984870970249176,0,-0.00254100002348423,0.15283699333667755,0,1,0.9948509931564331,-0.10135099291801453,0.0006301392568275332,0,0.10091201215982437,0.991083025932312,0.08701784908771515,0,-0.009443861432373524,-0.08650616556406021,0.996207058429718,0,0.006070000119507313,0.11340600252151489,0,1,-0.930194616317749,-0.2966068983078003,0.2162468582391739,0,0.3021699786186218,-0.9532231688499451,-0.007656493224203587,0,0.20840239524841309,0.058221254497766495,0.976308286190033,0,0.1860329955816269,-0.11189699918031693,-0.003965000156313181,1,0.9989380240440369,-0.045906174927949905,-0.0038990634493529797,0,0.040634557604789734,0.9177759885787964,-0.3950131833553314,0,0.021712016314268112,0.3944353759288788,0.9186669588088989,0,0,0.6513429880142212,0,1,0.9813514947891235,-0.06841118633747101,0.17963367700576782,0,-0.13815511763095856,0.39872997999191284,0.9066025018692017,0,-0.13364718854427338,-0.9145137071609497,0.381843239068985,0,0,0.5067660212516785,0,1,0.9996820092201233,-0.0005697631859220564,0.025201626121997833,0,-0.015115013346076012,0.7865397334098816,0.6173548698425293,0,-0.020173830911517143,-0.6175395846366882,0.786281168460846,0,0,0.3611550033092499,0,1,-0.9791189432144165,0.15671871602535248,-0.12948070466518402,0,-0.14534509181976318,-0.9849896430969238,-0.09311183542013168,0,-0.142129585146904,-0.0723482146859169,0.9872007966041565,0,-0.1860329955816269,-0.11189699918031693,-0.0019519999623298645,1,0.9997448325157166,0.022398868575692177,-0.002777587156742811,0,-0.021976443007588387,0.9379884004592896,-0.3459681570529938,0,-0.005143954884260893,0.3459411859512329,0.9382419586181641,0,0,0.6512380242347717,0,1,0.981752336025238,0.033716026693582535,-0.18715067207813263,0,0.16568957269191742,0.33131223917007446,0.9288593530654907,0,0.0933227390050888,-0.942918598651886,0.3196801245212555,0,0,0.5072460174560547,0,1,0.9995783567428589,0.0013807748910039663,-0.029011229053139687,0,0.017342129722237587,0.7728869915008545,0.6343061923980713,0,0.0232982337474823,-0.6345418691635132,0.7725371718406677,0,0,0.35923901200294495,0,1
