0.533,30,16,41
B0,mixamorig_Hips,-1,0.48053300380706787,-0.006630999967455864,0.8769519925117493,0,-0.1169620007276535,0.9905530214309692,0.07158000022172928,0,-0.8691419959068298,-0.1369670033454895,0.4752179980278015,0,0.02616100013256073,1.301826000213623,0.07823999971151352,1
B1,mixamorig_Spine,0,0.9985129833221436,-0.010328000411391258,-0.05352399870753288,0,0.010447000153362751,0.9999439716339111,0.0019450000254437327,0,0.05350099876523018,-0.002500999951735139,0.9985650181770325,0,0,0.19809600710868835,-0.00393499992787838,1
B2,mixamorig_Spine1,1,0.9965469837188721,-0.0001630000042496249,-0.08302400261163712,0,0.0012179999612271786,0.9999189972877502,0.012657999992370605,0,0.08301600068807602,-0.012714999727904797,0.9964669942855835,0,0,0.23115800321102142,0,1
B3,mixamorig_Spine2,2,0.9965289831161499,-0.002010999945923686,-0.08321800082921982,0,0.002962999977171421,0.9999309778213501,0.01132499985396862,0,0.08319000154733658,-0.01153200026601553,0.9964669942855835,0,0,0.264180988073349,0,1
B4,mixamorig_Neck,3,0.992002010345459,0.09544800221920013,-0.08259399980306625,0,-0.07031700015068054,0.9613069891929626,0.2663550078868866,0,0.10482200235128403,-0.258417010307312,0.9603300094604492,0,0,0.297203004360199,0,1
B5,mixamorig_Head,4,0.7829620242118835,-0.1101439967751503,-0.6122410297393799,0,0.05251999944448471,0.992389976978302,-0.11136999726295471,0,0.6198480129241943,0.05504399910569191,0.7827889919281006,0,0,0.24097700417041779,-0.0019340000580996275,1
B6,mixamorig_HeadTop_End,5,1,0,0,0,0,1,0,0,0,0,1,0,0,1.0410269498825073,-0.00835500005632639,1
B7,mixamorig_LeftShoulder,3,0.03123999945819378,0.007656999863684177,-0.9994829893112183,0,0.961326003074646,-0.27399298548698425,0.02794799953699112,0,-0.27363699674606323,-0.961700975894928,-0.01592100039124489,0,0.10724399983882904,0.2594340145587921,-0.0016680000117048621,1
B8,mixamorig_LeftArm,7,0.715703010559082,0.338032990694046,0.6111479997634888,0,-0.5522300004959106,0.8096190094947815,0.19889600574970245,0,-0.42756399512290955,-0.47984498739242554,0.7661190032958984,0,0,0.2264699935913086,0,1
B9,mixamorig_LeftForeArm,8,0.1933159977197647,0.9808250069618225,0.024726999923586845,0,-0.9808380007743835,0.19257299602031708,0.029546000063419342,0,0.02421800047159195,-0.029965000227093697,0.9992579817771912,0,0,0.5252609848976135,0,1
B10,mixamorig_LeftHand,9,-0.34662899374961853,-0.16389699280261993,0.9235720038414001,0,0.3295679986476898,0.9005609750747681,0.28350499272346497,0,-0.8781989812850952,0.40265101194381714,-0.2581450045108795,0,0,0.4727329909801483,0,1
B11,mixamorig_LeftHandThumb1,10,0.9052820205688477,0.4158160090446472,-0.08695700019598007,0,-0.3820430040359497,0.8864120244979858,0.2613759934902191,0,0.18576399981975555,-0.20339800417423248,0.9613119959831238,0,-0.07597500085830688,0.07565300166606903,0,1
B12,mixamorig_LeftHandThumb2,11,0.9796199798583984,-0.20085400342941284,0.0015290000010281801,0,0.2004610002040863,0.9781280159950256,0.05550200119614601,0,-0.012643000110983849,-0.05406399816274643,0.9984570145606995,0,-0.008275999687612057,0.08537399768829346,0,1
B13,mixamorig_LeftHandThumb3,12,0.9155480265617371,0.40205898880958557,0.011017000302672386,0,-0.40135300159454346,0.9150410294532776,-0.04019299894571304,0,-0.0262410007417202,0.0323759987950325,0.9991310238838196,0,-0.015286000445485115,0.09925399720668793,0,1
B14,mixamorig_LeftHandThumb4,13,1,0,0,0,0,1,0,0,0,0,1,0,0.023561999201774597,0.07632800191640854,0,1
B15,mixamorig_LeftHandIndex1,10,0.9983100295066833,0.054568998515605927,0.019961999729275703,0,-0.05754899978637695,0.8811690211296082,0.4692859947681427,0,0.008018000051379204,-0.4696410000324249,0.8828210234642029,0,0,0.13799099624156952,0.0016250000335276127,1
B16,mixamorig_LeftHandIndex2,15,0.9999679923057556,0.007845000363886356,0.0015780000248923898,0,-0.007693000137805939,0.8881490230560303,0.4594910144805908,0,0.002203000010922551,-0.45948800444602966,0.8881809711456299,0,0.0022640000097453594,0.1467909961938858,0,1
B17,mixamorig_LeftHandIndex3,16,0.9991310238838196,0.04165299981832504,0.0011320000048726797,0,-0.04073899984359741,0.9707880020141602,0.2364560067653656,0,0.008750000037252903,-0.23629699647426605,0.971642017364502,0,-0.002400999888777733,0.12428200244903564,0,1
B18,mixamorig_LeftHandIndex4,17,1,0,0,0,0,1,0,0,0,0,1,0,0.00013699999544769526,0.0934320017695427,0,1
B19,mixamorig_RightShoulder,3,-0.11037400364875793,-0.008143000304698944,0.9938570261001587,0,-0.8776029944419861,-0.4685620069503784,-0.10130199790000916,0,0.46650901436805725,-0.8833929896354675,0.04457100108265877,0,-0.10724399983882904,0.2593980133533478,0.00016700000560376793,1
B20,mixamorig_RightArm,19,0.008527999743819237,-0.9864190220832825,-0.16403000056743622,0,0.9106280207633972,-0.06011100113391876,0.40883201360702515,0,-0.4131399989128113,-0.1528560072183609,0.8977469801902771,0,0,0.2264699935913086,0,1
B21,mixamorig_RightForeArm,20,0.10045699775218964,-0.9947249889373779,-0.0207700002938509,0,0.9947460293769836,0.1000019982457161,0.021893000230193138,0,-0.019700000062584877,-0.022859999909996986,0.9995449781417847,0,0,0.5251560211181641,0,1
B22,mixamorig_RightHand,21,0.546284019947052,0.47611701488494873,-0.6891199946403503,0,-0.7237849831581116,0.6824020147323608,-0.10228800028562546,0,0.4215559959411621,0.554652988910675,0.7173920273780823,0,0,0.4728040099143982,0,1
B23,mixamorig_RightHandThumb1,22,0.8792279958724976,-0.4705429971218109,0.0744829997420311,0,0.43777701258659363,0.8596760034561157,0.263265997171402,0,-0.18791000545024872,-0.19886399805545807,0.9618440270423889,0,0.07543099671602249,0.072052001953125,0,1
B24,mixamorig_RightHandThumb2,23,0.946835994720459,0.3216859996318817,0.004478999879211187,0,-0.32123199105262756,0.9445539712905884,0.06801900267601013,0,0.017650999128818512,-0.06584200263023376,0.9976739883422852,0,0.00254400004632771,0.08341199904680252,0,1
B25,mixamorig_RightHandThumb3,24,0.890658974647522,-0.4546700119972229,0.001062000053934753,0,0.45427700877189636,0.8897860050201416,-0.04375100135803223,0,0.018946999683976173,0.03945000097155571,0.9990419745445251,0,0.020114999264478683,0.09917700290679932,0,1
B26,mixamorig_RightHandThumb4,25,1,0,0,0,0,1,0,0,0,0,1,0,-0.022659000009298325,0.07937899976968765,0,1
B27,mixamorig_RightHandIndex1,22,0.9971020221710205,-0.0652960017323494,-0.039034001529216766,0,0.07160399854183197,0.6322680115699768,0.7714340090751648,0,-0.02569199912250042,-0.7719929814338684,0.6351109743118286,0,0,0.15002499520778656,0.0011129999766126275,1
B28,mixamorig_RightHandIndex2,27,0.9999650120735168,0.0016169999726116657,0.008201999589800835,0,-0.007333999965339899,0.6405789852142334,0.767857015132904,0,-0.004013000056147575,-0.7678899765014648,0.6405689716339111,0,-0.002773999935016036,0.1543159931898117,0,1
B29,mixamorig_RightHandIndex3,28,0.9941369891166687,-0.10716599971055984,-0.014359000138938427,0,0.10312599688768387,0.8998780250549316,0.42377400398254395,0,-0.032492998987436295,-0.4227699935436249,0.9056540131568909,0,0.00571299996227026,0.1145310029387474,0,1
B30,mixamorig_RightHandIndex4,29,1,0,0,0,0,1,0,0,0,0,1,0,-0.0029380000196397305,0.09178599715232849,0,1
B31,mixamorig_LeftUpLeg,0,-0.8268340229988098,-0.3249480128288269,0.45907899737358093,0,0.5444769859313965,-0.6671010255813599,0.5084499716758728,0,0.14103199541568756,0.6703609824180603,0.7285090088844299,0,0.1886799931526184,-0.11030100286006927,-0.0026910000015050173,1
B32,mixamorig_LeftLeg,31,0.9941179752349854,0.09039299935102463,0.05965200066566467,0,-0.05964399874210358,0.9166929721832275,-0.39511701464653015,0,-0.09039799869060516,0.3892349898815155,0.9166920185089111,0,0,0.6274679899215698,0,1
B33,mixamorig_LeftFoot,32,0.971360981464386,-0.15153999626636505,0.18301300704479218,0,0.038607001304626465,0.8606489896774292,0.5077329874038696,0,-0.2344519942998886,-0.48612698912620544,0.841850996017456,0,0,0.5465649962425232,0,1
B34,mixamorig_LeftToeBase,33,0.9984580278396606,-0.00784400012344122,0.05495399981737137,0,-0.033709000796079636,0.7008630037307739,0.7124990224838257,0,-0.04410399869084358,-0.7132520079612732,0.6995180249214172,0,0,0.360617995262146,0,1
B35,mixamorig_LeftToe_End,34,1,0,0,0,0,1,0,0,0,0,1,0,0,0.13561299443244934,0,1
B36,mixamorig_RightUpLeg,0,-0.7816110253334045,0.46318700909614563,-0.4177820086479187,0,-0.5107309818267822,-0.8597379922866821,0.0023300000466406345,0,-0.35810399055480957,0.21519500017166138,0.9085440039634705,0,-0.1886799931526184,-0.11030100286006927,0.0012339999666437507,1
B37,mixamorig_RightLeg,36,0.9910539984703064,-0.1251010000705719,-0.046484000980854034,0,0.10432799905538559,0.9434300065040588,-0.3147299885749817,0,0.0832270011305809,0.3070650100708008,0.9480429887771606,0,0,0.6277170181274414,0,1
B38,mixamorig_RightFoot,37,0.8632090091705322,0.4539160132408142,-0.22097699344158173,0,-0.07942800223827362,0.5543670058250427,0.8284729719161987,0,0.49856001138687134,-0.6975929737091064,0.5145879983901978,0,0,0.5470679998397827,0,1
B39,mixamorig_RightToeBase,38,0.9993249773979187,0.0019359999569132924,-0.03667600080370903,0,0.022079000249505043,0.7663660049438477,0.6420249938964844,0,0.029349999502301216,-0.6424019932746887,0.7658060193061829,0,0,0.3589859902858734,0,1
B40,mixamorig_RightToe_End,39,1,0,0,0,0,1,0,0,0,0,1,0,0,0.13514000177383423,0,1
@34,0,1,2,3,4,5,7,8,9,10,11,12,13,15,16,17,19,20,21,22,23,24,25,27,28,29,31,32,33,34,36,37,38,39
K0,0.4805331230163574,-0.006630982272326946,0.8769519329071045,0,-0.11696198582649231,0.9905529618263245,0.07158025354146957,0,-0.8691420555114746,-0.13696672022342682,0.47521793842315674,0,0.02616100013256073,1.301826000213623,0.07823999971151352,1,0.9985129833221436,-0.010327973403036594,-0.05352403596043587,0,0.010447027161717415,0.9999440312385559,0.0019448623061180115,0,0.053500957787036896,-0.0025011375546455383,0.9985650181770325,0,0,0.19809600710868835,-0.00393499992787838,1,0.9965469837188721,-0.00016295122622977942,-0.08302436769008636,0,0.0012180488556623459,0.9999189972877502,0.012657785788178444,0,0.08301563560962677,-0.012715212069451809,0.9964669942855835,0,0,0.23115800321102142,0,1,0.9965289831161499,-0.002010709373280406,-0.08321821689605713,0,0.0029632903169840574,0.9999309778213501,0.011324849911034107,0,0.08318977802991867,-0.011532150208950043,0.9964669942855835,0,0,0.264180988073349,0,1,0.9920019507408142,0.0954475998878479,-0.08259443938732147,0,-0.07031738758087158,0.9613069891929626,0.26635506749153137,0,0.10482156276702881,-0.25841695070266724,0.960330069065094,0,0,0.297203004360199,0,1,0.7829622626304626,-0.11014436930418015,-0.6122406125068665,0,0.052519626915454865,0.992389976978302,-0.11137007921934128,0,0.6198483109474182,0.05504392087459564,0.7827887535095215,0,0,0.24097700417041779,-0.0019340000580996275,1,0.03124013915657997,0.007657384034246206,-0.9994829893112183,0,0.9613259434700012,-0.27399346232414246,0.02794835716485977,0,-0.27363744378089905,-0.9617008566856384,-0.0159208495169878,0,0.10724399983882904,0.2594340145587921,-0.0016680000117048621,1,0.7157029509544373,0.33803290128707886,0.6111480593681335,0,-0.5522300601005554,0.8096188902854919,0.1988959163427353,0,-0.42756387591362,-0.4798450171947479,0.7661190032958984,0,0,0.2264699935913086,0,1,0.19331562519073486,0.9808251857757568,0.024726897478103638,0,-0.9808380007743835,0.19257327914237976,0.029546180739998817,0,0.024217896163463593,-0.02996482141315937,0.9992579817771912,0,0,0.5252609848976135,0,1,-0.3466287851333618,-0.1638970971107483,0.9235720634460449,0,0.32956790924072266,0.9005610942840576,0.28350478410720825,0,-0.87819904088974,0.4026508331298828,-0.2581453025341034,0,0,0.4727329909801483,0,1,0.9052818417549133,0.41581639647483826,-0.08695690333843231,0,-0.3820425868034363,0.8864121437072754,0.26137620210647583,0,0.18576408922672272,-0.20339781045913696,0.9613119959831238,0,-0.07597500085830688,0.07565300166606903,0,1,0.9796200394630432,-0.20085377991199493,0.0015288472641259432,0,0.2004612386226654,0.9781279563903809,0.05550180375576019,0,-0.012643152847886086,-0.05406419560313225,0.9984570145606995,0,-0.008275999687612057,0.08537399768829346,0,1,0.9155479073524475,0.40205907821655273,0.011017117649316788,0,-0.4013528525829315,0.9150410890579224,-0.040192559361457825,0,-0.026240883395075798,0.03237644210457802,0.9991310238838196,0,-0.015286000445485115,0.09925399720668793,0,1,0.9983100295066833,0.05456860363483429,0.019962191581726074,0,-0.05754939466714859,0.8811691999435425,0.4692855477333069,0,0.008018190972507,-0.46964144706726074,0.8828207850456238,0,0,0.13799099624156952,0.0016250000335276127,1,0.9999679923057556,0.007845048792660236,0.0015781208639964461,0,-0.007692951243370771,0.8881491422653198,0.4594908356666565,0,0.0022031208500266075,-0.459488183259964,0.8881808519363403,0,0.0022640000097453594,0.1467909961938858,0,1,0.9991310238838196,0.04165283963084221,0.0011320720659568906,0,-0.040739163756370544,0.9707880020141602,0.23645608127117157,0,0.008750071749091148,-0.2362969070672989,0.971642017364502,0,-0.002400999888777733,0.12428200244903564,0,1,-0.11037378013134003,-0.008142789825797081,0.9938570857048035,0,-0.8776028156280518,-0.46856245398521423,-0.10130201280117035,0,0.466509073972702,-0.8833930492401123,0.04457084462046623,0,-0.10724399983882904,0.2593980133533478,0.00016700000560376793,1,0.008527951315045357,-0.9864190220832825,-0.1640293151140213,0,0.9106278419494629,-0.060111016035079956,0.4088321030139923,0,-0.41313934326171875,-0.1528559923171997,0.8977473378181458,0,0,0.2264699935913086,0,1,0.1004570797085762,-0.9947248697280884,-0.020770156756043434,0,0.9947459697723389,0.10000208020210266,0.021892691031098366,0,-0.019700156524777412,-0.022860310971736908,0.9995449185371399,0,0,0.5251560211181641,0,1,0.5462839007377625,0.47611716389656067,-0.6891199350357056,0,-0.723784863948822,0.6824021339416504,-0.10228795558214188,0,0.4215560257434845,0.5546530485153198,0.7173919677734375,0,0,0.4728040099143982,0,1,0.879227876663208,-0.4705430865287781,0.07448336482048035,0,0.43777692317962646,0.859675943851471,0.26326611638069153,0,-0.18790964782238007,-0.19886384904384613,0.9618441462516785,0,0.07543099671602249,0.072052001953125,0,1,0.946835994720459,0.321685791015625,0.004478577524423599,0,-0.3212321996688843,0.9445539116859436,0.06801924854516983,0,0.017650576308369637,-0.06584176421165466,0.9976739287376404,0,0.00254400004632771,0.08341199904680252,0,1,0.8906589150428772,-0.4546701908111572,0.001062203198671341,0,0.45427682995796204,0.8897861242294312,-0.04375113919377327,0,0.01894720271229744,0.039449870586395264,0.9990420341491699,0,0.020114999264478683,0.09917700290679932,0,1,0.9971020221710205,-0.06529597193002701,-0.039033737033605576,0,0.07160402089357376,0.6322681307792664,0.7714340090751648,0,-0.02569173462688923,-0.7719930410385132,0.6351109743118286,0,0,0.15002499520778656,0.0011129999766126275,1,0.9999650120735168,0.0016168438596650958,0.00820228736847639,0,-0.0073341564275324345,0.6405792236328125,0.7678568363189697,0,-0.004012711346149445,-0.7678901553153992,0.640568733215332,0,-0.002773999935016036,0.1543159931898117,0,1,0.9941369891166687,-0.10716605186462402,-0.014358913525938988,0,0.10312595218420029,0.8998780846595764,0.423773854970932,0,-0.03249290958046913,-0.4227701425552368,0.9056538939476013,0,0.00571299996227026,0.1145310029387474,0,1,-0.8268340826034546,-0.3249482214450836,0.4590787887573242,0,0.5444766879081726,-0.6671013236045837,0.5084497332572937,0,0.14103223383426666,0.6703612208366394,0.7285088300704956,0,0.1886799931526184,-0.11030100286006927,-0.0026910000015050173,1,0.9941179752349854,0.09039299935102463,0.05965181067585945,0,-0.059644006192684174,0.9166929721832275,-0.39511701464653015,0,-0.09039817005395889,0.38923490047454834,0.9166920185089111,0,0,0.6274679899215698,0,1,0.9713609218597412,-0.15154021978378296,0.18301302194595337,0,0.038606785237789154,0.8606488704681396,0.5077332854270935,0,-0.23445196449756622,-0.48612669110298157,0.8418511748313904,0,0,0.5465649962425232,0,1,0.9984580278396606,-0.007844017818570137,0.054953958839178085,0,-0.03370901942253113,0.7008631825447083,0.7124987840652466,0,-0.044104043394327164,-0.7132522463798523,0.6995177268981934,0,0,0.360617995262146,0,1,-0.781610906124115,0.4631870687007904,-0.41778215765953064,0,-0.5107309818267822,-0.8597380518913269,0.00232982961460948,0,-0.35810384154319763,0.2151951789855957,0.9085440039634705,0,-0.1886799931526184,-0.11030100286006927,0.0012339999666437507,1,0.9910539984703064,-0.125101238489151,-0.046483688056468964,0,0.10432778298854828,0.9434300661087036,-0.31472986936569214,0,0.08322732150554657,0.3070651590824127,0.9480429291725159,0,0,0.6277170181274414,0,1,0.8632087707519531,0.45391637086868286,-0.22097724676132202,0,-0.07942768186330795,0.5543672442436218,0.8284728527069092,0,0.49855974316596985,-0.697593092918396,0.5145879983901978,0,0,0.5470679998397827,0,1,0.9993249773979187,0.0019355304539203644,-0.03667605295777321,0,0.022078530862927437,0.7663658857345581,0.6420252323150635,0,0.029349949210882187,-0.6424018740653992,0.7658061981201172,0,0,0.3589859902858734,0,1
K0.033,0.48058807849884033,-0.010756419040262699,0.8768799304962158,0,-0.12114942818880081,0.9895229339599609,0.07853604853153229,0,-0.868537962436676,-0.14397704601287842,0.47425001859664917,0,0.023973984643816948,1.3011369705200195,0.07731398195028305,1,0.9984409809112549,-0.011411347426474094,-0.0546310730278492,0,0.011587673798203468,0.9999289512634277,0.0029117551166564226,0,0.054593950510025024,-0.0035402618814259768,0.9985020160675049,0,0,0.19809600710868835,-0.00393499992787838,1,0.9964019656181335,-0.0011980760609731078,-0.0847492516040802,0,0.0023629453498870134,0.9999039769172668,0.013645928353071213,0,0.08472475409507751,-0.013797085732221603,0.9963089823722839,0,0,0.23115800321102142,0,1,0.9963809847831726,-0.0031239737290889025,-0.08494020253419876,0,0.0041800495237112045,0.9999160170555115,0.012258157134056091,0,0.0848948284983635,-0.01256885752081871,0.9963110089302063,0,0,0.264180988073349,0,1,0.9919499754905701,0.0937235876917839,-0.08515644073486328,0,-0.0682053491473198,0.9620219469070435,0.26431187987327576,0,0.10669461637735367,-0.2563760280609131,0.960669994354248,0,0,0.297203004360199,0,1,0.7797018885612488,-0.11186599731445312,-0.6160771250724792,0,0.0459609180688858,0.9914819598197937,-0.12186349183320999,0,0.6244618892669678,0.0667017474770546,0.7782021164894104,0,0,0.24097700417041779,-0.0019340000580996275,1,0.03488493710756302,0.00802210345864296,-0.9993590116500854,0,0.9619150161743164,-0.27153894305229187,0.03139813244342804,0,-0.2711130678653717,-0.9623939394950867,-0.01718917302787304,0,0.10724399983882904,0.2594340145587921,-0.0016680000117048621,1,0.7110939025878906,0.33376213908195496,0.6188291311264038,0,-0.5450718402862549,0.8176441192626953,0.18534773588180542,0,-0.44411998987197876,-0.46910595893859863,0.7633461356163025,0,0,0.2264699935913086,0,1,0.21005327999591827,0.9773899912834167,0.024222809821367264,0,-0.9774019718170166,0.20932616293430328,0.02944297157227993,0,0.023706810548901558,-0.029860028997063637,0.9992730617523193,0,0,0.5252609848976135,0,1,-0.3630888760089874,-0.18365128338336945,0.9134759306907654,0,0.2982175350189209,0.9059062004089355,0.30066508054733276,0,-0.8827409148216248,0.38158267736434937,-0.274156391620636,0,0,0.4727329909801483,0,1,0.9052819609642029,0.4158169627189636,-0.08695685118436813,0,-0.3820430040359497,0.8864119648933411,0.2613762319087982,0,0.1857641339302063,-0.20339778065681458,0.9613119959831238,0,-0.07597500085830688,0.07565300166606903,0,1,0.9796200394630432,-0.20085377991199493,0.0015287960413843393,0,0.2004612386226654,0.9781279563903809,0.05550230294466019,0,-0.01264320407062769,-0.05406470224261284,0.9984570145606995,0,-0.008275999687612057,0.08537399768829346,0,1,0.9155470728874207,0.4020589292049408,0.011017002165317535,0,-0.40135303139686584,0.9150409698486328,-0.04019305855035782,0,-0.026240995153784752,0.032376937568187714,0.9991310238838196,0,-0.015286000445485115,0.09925399720668793,0,1,0.9983100295066833,0.05456861853599548,0.019962182268500328,0,-0.05754938721656799,0.8811690211296082,0.46928495168685913,0,0.008018181659281254,-0.4696410894393921,0.8828209638595581,0,0,0.13799099624156952,0.0016250000335276127,1,0.9999679923057556,0.007845048792660236,0.0015781208639964461,0,-0.007692951243370771,0.8881491422653198,0.4594908356666565,0,0.0022031208500266075,-0.459488183259964,0.8881808519363403,0,0.0022640000097453594,0.1467909961938858,0,1,0.9991310238838196,0.04165284335613251,0.001132070436142385,0,-0.040739163756370544,0.9707879424095154,0.23645620048046112,0,0.008750070817768574,-0.23629678785800934,0.9716410040855408,0,-0.002400999888777733,0.12428200244903564,0,1,-0.11003784835338593,-0.008159209974110126,0.9938939809799194,0,-0.8779070377349854,-0.46804967522621155,-0.10103891044855118,0,0.46601590514183044,-0.8836640119552612,0.044340211898088455,0,-0.10724399983882904,0.2593980133533478,0.00016700000560376793,1,-0.00944068469107151,-0.9848228693008423,-0.17330437898635864,0,0.9145498275756836,-0.07858765125274658,0.3967640697956085,0,-0.40436211228370667,-0.154749795794487,0.9014119505882263,0,0,0.2264699935913086,0,1,0.12289794534444809,-0.9922119975090027,-0.020275909453630447,0,0.9922340512275696,0.122454434633255,0.021836847066879272,0,-0.01918390952050686,-0.02280215360224247,0.9995560646057129,0,0,0.5251560211181641,0,1,0.5425377488136292,0.46876582503318787,-0.6970732808113098,0,-0.7218650579452515,0.6845518350601196,-0.10148794203996658,0,0.4296087920665741,0.5582540035247803,0.7097811102867126,0,0,0.4728040099143982,0,1,0.8792279362678528,-0.47054317593574524,0.07448386400938034,0,0.4377768337726593,0.8596760034561157,0.26326626539230347,0,-0.18791013956069946,-0.19886374473571777,0.9618440270423889,0,0.07543099671602249,0.072052001953125,0,1,0.946835994720459,0.321685791015625,0.004478158429265022,0,-0.3212321698665619,0.9445539116859436,0.0680198222398758,0,0.017651155591011047,-0.0658421739935875,0.9976739287376404,0,0.00254400004632771,0.08341199904680252,0,1,0.8906589150428772,-0.4546701908111572,0.0010627028532326221,0,0.45427682995796204,0.8897861242294312,-0.04375101625919342,0,0.018946703523397446,0.039449989795684814,0.9990420341491699,0,0.020114999264478683,0.09917700290679932,0,1,0.9971420168876648,-0.06502635776996613,-0.038456935435533524,0,0.0712117850780487,0.6390647888183594,0.7658490538597107,0,-0.02522391453385353,-0.7663993239402771,0.6418694257736206,0,0,0.15002499520778656,0.0011129999766126275,1,0.9999629855155945,0.002307811751961708,0.008344026282429695,0,-0.00785394012928009,0.6472936868667603,0.7622000575065613,0,-0.003642020048573613,-0.7622371315956116,0.6472876071929932,0,-0.002773999935016036,0.1543159931898117,0,1,0.9941640496253967,-0.10695396363735199,-0.014105897396802902,0,0.10296911746263504,0.9017577767372131,0.41979745030403137,0,-0.032178912311792374,-0.4188001751899719,0.9075084328651428,0,0.00571299996227026,0.1145310029387474,0,1,-0.8255890607833862,-0.3266989290714264,0.46007710695266724,0,0.5471431016921997,-0.6628530025482178,0.511135995388031,0,0.13797584176063538,0.673716127872467,0.7259949445724487,0,0.1886799931526184,-0.11030100286006927,-0.0026910000015050173,1,0.9942880272865295,0.0909491628408432,0.05584998428821564,0,-0.06193886697292328,0.9178690910339355,-0.39202067255973816,0,-0.0869169607758522,0.38632234930992126,0.9182599186897278,0,0,0.6274679899215698,0,1,0.9709140062332153,-0.1543639898300171,0.18302597105503082,0,0.03937600925564766,0.8569588661193848,0.5138771533966064,0,-0.2361699938774109,-0.4917239546775818,0.8381119966506958,0,0,0.5465649962425232,0,1,0.998537003993988,-0.0073354365304112434,0.053569093346595764,0,-0.03275543451309204,0.7061861753463745,0.7072678804397583,0,-0.04301788657903671,-0.7079880833625793,0.7049130201339722,0,0,0.360617995262146,0,1,-0.7873508334159851,0.4567701518535614,-0.4140530824661255,0,-0.5038776993751526,-0.8637590408325195,0.005287191830575466,0,-0.3552268147468567,0.21279485523700714,0.9102371335029602,0,-0.1886799931526184,-0.11030100286006927,0.0012339999666437507,1,0.9911829233169556,-0.12503112852573395,-0.04384639114141464,0,0.10542389005422592,0.9446730017662048,-0.3106110394001007,0,0.08025655150413513,0.30324995517730713,0.9495250582695007,0,0,0.6277170181274414,0,1,0.8600078821182251,0.45756229758262634,-0.22588594257831573,0,-0.07561570405960083,0.5520548224449158,0.8303722143173218,0,0.5046482086181641,-0.6970457434654236,0.5093701481819153,0,0,0.5470679998397827,0,1,0.9993289709091187,0.0019087794935330749,-0.03657384216785431,0,0.02201778069138527,0.7667078375816345,0.6416192650794983,0,0.029266156256198883,-0.6419938206672668,0.7661511898040771,0,0,0.3589859902858734,0,1
K0.067,0.4811857342720032,-0.014627796597778797,0.8764961361885071,0,-0.12490780651569366,0.9885150790214539,0.08507014811038971,0,-0.867673933506012,-0.15041573345661163,0.4738321900367737,0,0.02250601351261139,1.3004950284957886,0.07614801079034805,1,0.9983699917793274,-0.012402228079736233,-0.055714115500450134,0,0.012625752948224545,0.9999139308929443,0.003661762224510312,0,0.05566387251019478,-0.004359223414212465,0.9984400272369385,0,0,0.19809600710868835,-0.00393499992787838,1,0.9962549805641174,-0.002161959419026971,-0.08643269538879395,0,0.003414023434743285,0.9998909831047058,0.01434080209583044,0,0.08639228343963623,-0.014582183212041855,0.9961540102958679,0,0,0.23115800321102142,0,1,0.9962330460548401,-0.004162163939327002,-0.08661803603172302,0,0.005298817064613104,0.9999030232429504,0.01289680227637291,0,0.08655592799186707,-0.013307186774909496,0.9961580038070679,0,0,0.264180988073349,0,1,0.9919409155845642,0.09107904881238937,-0.08808126300573349,0,-0.06506198644638062,0.962673008441925,0.2627311050891876,0,0.10872270166873932,-0.2548828721046448,0.9608400464057922,0,0,0.297203004360199,0,1,0.7764071822166443,-0.11297561228275299,-0.6200228929519653,0,0.03857545182108879,0.9904760718345642,-0.13217154145240784,0,0.6290501356124878,0.07870128750801086,0.7733709216117859,0,0,0.24097700417041779,-0.0019340000580996275,1,0.03660117834806442,0.008182958699762821,-0.9992960095405579,0,0.9623399972915649,-0.26983192563056946,0.03303802013397217,0,-0.26937195658683777,-0.9628729820251465,-0.01775098592042923,0,0.10724399983882904,0.2594340145587921,-0.0016680000117048621,1,0.7073739767074585,0.3353068232536316,0.6222470998764038,0,-0.5401472449302673,0.8242447376251221,0.16988623142242432,0,-0.4559197723865509,-0.4562780559062958,0.7641640901565552,0,0,0.2264699935913086,0,1,0.22928090393543243,0.9730730652809143,0.02364344708621502,0,-0.9730860590934753,0.22857172787189484,0.0293129812926054,0,0.023119445890188217,-0.02972801961004734,0.9992910027503967,0,0,0.5252609848976135,0,1,-0.37883850932121277,-0.19967713952064514,0.9036650657653809,0,0.2634490728378296,0.9127792119979858,0.31213533878326416,0,-0.8871729373931885,0.3563186526298523,-0.293191134929657,0,0,0.4727329909801483,0,1,0.9052818417549133,0.4158163368701935,-0.08695639669895172,0,-0.38204267621040344,0.8864121437072754,0.2613760828971863,0,0.18576361238956451,-0.20339791476726532,0.9613121151924133,0,-0.07597500085830688,0.07565300166606903,0,1,0.9796200394630432,-0.20085377991199493,0.0015287960413843393,0,0.2004612386226654,0.9781279563903809,0.05550230294466019,0,-0.01264320407062769,-0.05406470224261284,0.9984570145606995,0,-0.008275999687612057,0.08537399768829346,0,1,0.9155479073524475,0.40205907821655273,0.011017011478543282,0,-0.40135282278060913,0.9150410890579224,-0.04019305855035782,0,-0.026240985840559006,0.03237694129347801,0.9991310238838196,0,-0.015286000445485115,0.09925399720668793,0,1,0.9983100295066833,0.05456861853599548,0.019962182268500328,0,-0.05754938721656799,0.8811690211296082,0.46928495168685913,0,0.008018181659281254,-0.4696410894393921,0.8828209638595581,0,0,0.13799099624156952,0.0016250000335276127,1,0.9999679923057556,0.007845048792660236,0.0015781208639964461,0,-0.007692951243370771,0.8881491422653198,0.4594908356666565,0,0.0022031208500266075,-0.459488183259964,0.8881808519363403,0,0.0022640000097453594,0.1467909961938858,0,1,0.9991310238838196,0.04165284335613251,0.001132070436142385,0,-0.040739163756370544,0.9707879424095154,0.23645620048046112,0,0.008750070817768574,-0.23629678785800934,0.9716410040855408,0,-0.002400999888777733,0.12428200244903564,0,1,-0.10891767591238022,-0.00822413433343172,0.9940170645713806,0,-0.8783500790596008,-0.46741700172424316,-0.10011087357997894,0,0.465443879365921,-0.8839990496635437,0.04368623346090317,0,-0.10724399983882904,0.2593980133533478,0.00016700000560376793,1,-0.025215856730937958,-0.9829921126365662,-0.181906595826149,0,0.9179279208183289,-0.09483817219734192,0.38524630665779114,0,-0.3959457278251648,-0.15726281702518463,0.904707133769989,0,0,0.2264699935913086,0,1,0.1429080367088318,-0.9895370006561279,-0.019835444167256355,0,0.9895590543746948,0.1424746811389923,0.02177836000919342,0,-0.01872444339096546,-0.022740643471479416,0.9995660185813904,0,0,0.5251560211181641,0,1,0.5386829376220703,0.46520110964775085,-0.702430009841919,0,-0.7213408946990967,0.6854330897331238,-0.09924090653657913,0,0.43530192971229553,0.5601510405540466,0.7047999501228333,0,0,0.4728040099143982,0,1,0.8792279362678528,-0.47054314613342285,0.07448399811983109,0,0.4377768635749817,0.8596761226654053,0.26326578855514526,0,-0.18790997564792633,-0.1988632082939148,0.9618439078330994,0,0.07543099671602249,0.072052001953125,0,1,0.9468359351158142,0.3216851055622101,0.004478130489587784,0,-0.321231871843338,0.9445549845695496,0.06801984459161758,0,0.01765112765133381,-0.0658421441912651,0.9976739287376404,0,0.00254400004632771,0.08341199904680252,0,1,0.8906589150428772,-0.4546701908111572,0.001062203198671341,0,0.45427682995796204,0.8897861242294312,-0.04375113919377327,0,0.01894720271229744,0.039449870586395264,0.9990420341491699,0,0.020114999264478683,0.09917700290679932,0,1,0.9963499903678894,-0.06929310411214828,-0.04985127970576286,0,0.0779748186469078,0.5011533498764038,0.861838161945343,0,-0.03473629429936409,-0.862579345703125,0.5047270655632019,0,0,0.15002499520778656,0.0011129999766126275,1,0.9999330043792725,-0.010628762654960155,0.0045892647467553616,0,0.001484054489992559,0.510812520980835,0.8596909642219543,0,-0.011481703259050846,-0.8596264123916626,0.510793924331665,0,-0.002773999935016036,0.1543159931898117,0,1,0.9936569333076477,-0.11082325130701065,-0.019095001742243767,0,0.10573068261146545,0.8628235459327698,0.49432408809661865,0,-0.03830699622631073,-0.4932076036930084,0.8690682053565979,0,0.00571299996227026,0.1145310029387474,0,1,-0.8249451518058777,-0.3280314803123474,0.4602831304073334,0,0.5492033958435059,-0.6576576828956604,0.5156179070472717,0,0.13356992602348328,0.6781460046768188,0.7226880192756653,0,0.1886799931526184,-0.11030100286006927,-0.0026910000015050173,1,0.9943089485168457,0.092303067445755,0.05320138484239578,0,-0.06430390477180481,0.9181067943572998,-0.3910823464393616,0,-0.08494265377521515,0.3854356110095978,0.9188172221183777,0,0,0.6274679899215698,0,1,0.970867931842804,-0.15489991009235382,0.18281732499599457,0,0.038799092173576355,0.8545140027999878,0.5179778933525085,0,-0.23645466566085815,-0.49579495191574097,0.8356301188468933,0,0,0.5465649962425232,0,1,0.9985870122909546,-0.007014976814389229,0.052677884697914124,0,-0.032146986573934555,0.7095839977264404,0.7038870453834534,0,-0.04231714457273483,-0.7045860886573792,0.7083560228347778,0,0,0.360617995262146,0,1,-0.7925518751144409,0.45074209570884705,-0.410722017288208,0,-0.4978249967098236,-0.8672319650650024,0.00889698788523674,0,-0.35218101739883423,0.2115190029144287,0.9117169976234436,0,-0.1886799931526184,-0.11030100286006927,0.0012339999666437507,1,0.9913260340690613,-0.1248658150434494,-0.04100792855024338,0,0.10636519640684128,0.9455099701881409,-0.3077280521392822,0,0.07719811797142029,0.30069699883461,0.9505900144577026,0,0,0.6277170181274414,0,1,0.857050895690918,0.46055224537849426,-0.23098880052566528,0,-0.07143272459506989,0.5502030253410339,0.8319699168205261,0,0.5102559328079224,-0.6965398788452148,0.5044500827789307,0,0,0.5470679998397827,0,1,0.9993299841880798,0.0019049374386668205,-0.03655656427145004,0,0.022006938233971596,0.766765832901001,0.6415491700172424,0,0.029252436012029648,-0.6419238448143005,0.76621013879776,0,0,0.3589859902858734,0,1
K0.100,0.4898889660835266,-0.013544166460633278,0.8716800212860107,0,-0.12493816763162613,0.9884669780731201,0.08557474613189697,0,-0.8627859950065613,-0.15082822740077972,0.482546865940094,0,0.024590011686086655,1.3010309934616089,0.07540299743413925,1,0.998403012752533,-0.013967071659862995,-0.054730985313653946,0,0.014153937809169292,0.9998949766159058,0.0030280831269919872,0,0.054683007299900055,-0.0037979106418788433,0.9984970092773438,0,0,0.19809600710868835,-0.00393499992787838,1,0.996383011341095,-0.0036523970775306225,-0.08489328622817993,0,0.00480861309915781,0.9998980164527893,0.01341914851218462,0,0.0848357081413269,-0.013778844848275185,0.9963000416755676,0,0,0.23115800321102142,0,1,0.996362030506134,-0.005603869445621967,-0.08503597229719162,0,0.006644139531999826,0.9999060034751892,0.011955245397984982,0,0.08496101945638657,-0.012476748786866665,0.9963060021400452,0,0,0.264180988073349,0,1,0.9913060069084167,0.10079504549503326,-0.08457523584365845,0,-0.07589805871248245,0.9631040692329407,0.25820693373680115,0,0.1074807271361351,-0.2495429962873459,0.9623810052871704,0,0,0.297203004360199,0,1,0.7779759168624878,-0.10646000504493713,-0.6192091107368469,0,0.035621948540210724,0.9914289116859436,-0.12569986283779144,0,0.6272838711738586,0.07573402673006058,0.7751001119613647,0,0,0.24097700417041779,-0.0019340000580996275,1,0.044374722987413406,0.008782916702330112,-0.9989759922027588,0,0.9658439755439758,-0.255916029214859,0.04065302014350891,0,-0.255296915769577,-0.9666590690612793,-0.01983916200697422,0,0.10724399983882904,0.2594340145587921,-0.0016680000117048621,1,0.7130380868911743,0.31977298855781555,0.6239567995071411,0,-0.5376319289207458,0.8205960392951965,0.19383972883224487,0,-0.45003196597099304,-0.473674476146698,0.7570367455482483,0,0,0.2264699935913086,0,1,0.20698581635951996,0.97804194688797,0.02431504614651203,0,-0.9780539274215698,0.20625588297843933,0.029463117942214012,0,0.02380104921758175,-0.02987987920641899,0.9992700219154358,0,0,0.5252609848976135,0,1,-0.339196115732193,-0.17710287868976593,0.9238939881324768,0,0.2908332645893097,0.9142611622810364,0.2820321321487427,0,-0.8946294188499451,0.364363431930542,-0.25860652327537537,0,0,0.4727329909801483,0,1,0.9052818417549133,0.41581639647483826,-0.08695690333843231,0,-0.3820425868034363,0.8864121437072754,0.26137620210647583,0,0.18576408922672272,-0.20339781045913696,0.9613119959831238,0,-0.07597500085830688,0.07565300166606903,0,1,0.9796200394630432,-0.20085377991199493,0.0015288472641259432,0,0.2004612386226654,0.9781279563903809,0.05550180375576019,0,-0.012643152847886086,-0.05406419560313225,0.9984570145606995,0,-0.008275999687612057,0.08537399768829346,0,1,0.9155479073524475,0.40205907821655273,0.011017117649316788,0,-0.4013528525829315,0.9150410890579224,-0.040192559361457825,0,-0.026240883395075798,0.03237644210457802,0.9991310238838196,0,-0.015286000445485115,0.09925399720668793,0,1,0.9983100295066833,0.05456861853599548,0.019962182268500328,0,-0.05754938721656799,0.8811690211296082,0.46928495168685913,0,0.008018181659281254,-0.4696410894393921,0.8828209638595581,0,0,0.13799099624156952,0.0016250000335276127,1,0.9999679923057556,0.007844926789402962,0.0015786208678036928,0,-0.007693072780966759,0.8881491422653198,0.4594908356666565,0,0.0022026209626346827,-0.459488183259964,0.8881808519363403,0,0.0022640000097453594,0.1467909961938858,0,1,0.9991310238838196,0.04165283963084221,0.0011320720659568906,0,-0.040739163756370544,0.9707880020141602,0.23645608127117157,0,0.008750071749091148,-0.2362969070672989,0.971642017364502,0,-0.002400999888777733,0.12428200244903564,0,1,-0.11660777032375336,-0.007830153219401836,0.9931471347808838,0,-0.8749080896377563,-0.47244513034820557,-0.10644982010126114,0,0.47004085779190063,-0.8813251852989197,0.04823998361825943,0,-0.10724399983882904,0.2593980133533478,0.00016700000560376793,1,-0.016113752499222755,-0.9847651124000549,-0.17314177751541138,0,0.9176883697509766,-0.08331670612096786,0.38846760988235474,0,-0.39697492122650146,-0.15263055264949799,0.9050499200820923,0,0,0.2264699935913086,0,1,0.12533093988895416,-0.9919090270996094,-0.020222963765263557,0,0.9919310808181763,0.12488865107297897,0.021830229088664055,0,-0.019127966836094856,-0.022795774042606354,0.9995570182800293,0,0,0.5251560211181641,0,1,0.5485979914665222,0.4598809778690338,-0.6982480883598328,0,-0.7170979380607605,0.6882150173187256,-0.11013495922088623,0,0.42989581823349,0.5611320734024048,0.7073330879211426,0,0,0.4728040099143982,0,1,0.8792279362678528,-0.47054317593574524,0.07448386400938034,0,0.4377768337726593,0.8596760034561157,0.26326626539230347,0,-0.18791013956069946,-0.19886374473571777,0.9618440270423889,0,0.07543099671602249,0.072052001953125,0,1,0.946835994720459,0.321685791015625,0.004478158429265022,0,-0.3212321698665619,0.9445539116859436,0.0680198222398758,0,0.017651155591011047,-0.0658421739935875,0.9976739287376404,0,0.00254400004632771,0.08341199904680252,0,1,0.8906591534614563,-0.4546698033809662,0.0010626951698213816,0,0.45427626371383667,0.889785885810852,-0.043751005083322525,0,0.01894669607281685,0.03945000097155571,0.9990420341491699,0,0.020114999264478683,0.09917700290679932,0,1,0.9955569505691528,-0.07152413576841354,-0.061240263283252716,0,0.08284886926412582,0.3563196063041687,0.9306837320327759,0,-0.04474525898694992,-0.9316228032112122,0.3606623411178589,0,0,0.15002499520778656,0.0011129999766126275,1,0.9997530579566956,-0.02221841923892498,-0.0009608067921362817,0,0.00905153900384903,0.3670651912689209,0.9301509261131287,0,-0.020313801243901253,-0.9299297332763672,0.3671755790710449,0,-0.002773999935016036,0.1543159931898117,0,1,0.9931751489639282,-0.11411061137914658,-0.024142717942595482,0,0.10787539929151535,0.8199709057807922,0.5621480345726013,0,-0.04435071721673012,-0.5609157085418701,0.8266842365264893,0,0.00571299996227026,0.1145310029387474,0,1,-0.8286601305007935,-0.3239949941635132,0.4564538896083832,0,0.5454109311103821,-0.650762140750885,0.528238832950592,0,0.1258961260318756,0.6866852045059204,0.7159707546234131,0,0.1886799931526184,-0.11030100286006927,-0.0026910000015050173,1,0.9942309260368347,0.09231801331043243,0.054605334997177124,0,-0.06311394274234772,0.9151760339736938,-0.3980819284915924,0,-0.08672364056110382,0.3923391103744507,0.9157230257987976,0,0,0.6274679899215698,0,1,0.9723601341247559,-0.14601971209049225,0.18219292163848877,0,0.03547327220439911,0.863644003868103,0.5028529763221741,0,-0.2307760864496231,-0.48249077796936035,0.8449520468711853,0,0,0.5465649962425232,0,1,0.9984220266342163,-0.008072196505963802,0.055564995855093,0,-0.034133195877075195,0.6984971165657043,0.714797854423523,0,-0.04458201304078102,-0.7155670523643494,0.6971198916435242,0,0,0.360617995262146,0,1,-0.7877221703529358,0.4523717164993286,-0.4181551933288574,0,-0.4988102614879608,-0.8667089343070984,0.002031040843576193,0,-0.3614999055862427,0.21017992496490479,0.9083730578422546,0,-0.1886799931526184,-0.11030100286006927,0.0012339999666437507,1,0.9920570254325867,-0.11881010979413986,-0.04131215810775757,0,0.10054886341094971,0.9463549852371216,-0.30708494782447815,0,0.07558081299066544,0.3004920780658722,0.9507849812507629,0,0,0.6277170181274414,0,1,0.8581810593605042,0.4585607647895813,-0.23075325787067413,0,-0.0694173201918602,0.5490412712097168,0.8329077959060669,0,0.5086317658424377,-0.6987673044204712,0.5030087828636169,0,0,0.5470679998397827,0,1,0.9993199706077576,0.0019755747634917498,-0.03683013841509819,0,0.022170575335621834,0.7658478021621704,0.64263916015625,0,0.02947586216032505,-0.6430187225341797,0.7652832269668579,0,0,0.3589859902858734,0,1
