2.700,30,80,41
B0,mixamorig_Hips,-1,0.9557480216026306,-0.023117894306778908,0.2932758629322052,0,0.030579091981053352,0.9993139505386353,-0.02088093012571335,0,-0.2925921380519867,0.028925040736794472,0.9557999968528748,0,0.0020359999034553766,1.3713500499725342,-0.0035470000002533197,1
B1,mixamorig_Spine,0,0.9991229176521301,-0.0054709636606276035,-0.04151415824890137,0,0.007362036500126123,0.9989359974861145,0.045537155121564865,0,0.04122084751725197,-0.04580283910036087,0.9981000423431396,0,0,0.20184600353240967,-0.00443200021982193,1
B2,mixamorig_Spine1,1,0.9993529915809631,0.0002116492105415091,-0.03596004471182823,0,0.0016246396116912365,0.9986960291862488,0.05102778971195221,0,0.03592396900057793,-0.05105321854352951,0.9980499744415283,0,0,0.23554399609565735,0,1
B3,mixamorig_Spine2,2,0.9993159770965576,-0.00013706412573810667,-0.03697699308395386,0,0.0020019446965306997,0.9987269639968872,0.0504012256860733,0,0.036923009902238846,-0.050440769642591476,0.9980440139770508,0,0,0.26919299364089966,0,1
B4,mixamorig_Neck,3,0.9957959651947021,0.09159805625677109,-0.0004379306046757847,0,-0.09149891883134842,0.994918942451477,0.04200233146548271,0,0.004283036105334759,-0.04178566485643387,0.9991170763969421,0,0,0.30284199118614197,0,1
B5,mixamorig_Head,4,0.9910539984703064,0.0287169199436903,-0.13033469021320343,0,-0.03296607360243797,0.9989889860153198,-0.030561886727809906,0,0.12932530045509338,0.03458511084318161,0.9909989237785339,0,0,0.3297629952430725,-0.0025820001028478146,1
B6,mixamorig_HeadTop_End,5,1,0,0,0,0,1,0,0,0,0,1,0,0,0.9484109878540039,-0.007424999959766865,1
B7,mixamorig_LeftShoulder,3,0.07833801209926605,0.019333181902766228,-0.9967389702796936,0,0.9961250424385071,0.038580313324928284,0.0790380984544754,0,0.039982568472623825,-0.9990680813789368,-0.016235968098044395,0,0.10646799951791763,0.2636919915676117,-0.001724999980069697,1
B8,mixamorig_LeftArm,7,0.29233601689338684,0.8572810888290405,0.4238039553165436,0,-0.9506579041481018,0.308646023273468,0.03141814097762108,0,-0.1038711741566658,-0.41207703948020935,0.905208945274353,0,0,0.22705300152301788,0,1
B9,mixamorig_LeftForeArm,8,0.7914670705795288,0.6111660599708557,0.007531846407800913,0,-0.6111809611320496,0.791240930557251,0.019913194701075554,0,0.006210756488144398,-0.020363936200737953,0.9997730255126953,0,0,0.5402770042419434,0,1
B10,mixamorig_LeftHand,9,0.6269200444221497,0.26115286350250244,0.7340099811553955,0,-0.23180018365383148,0.9620029330253601,-0.1442890614271164,0,-0.7438009977340698,-0.07968590408563614,0.6636340022087097,0,0,0.4967939853668213,0,1
B11,mixamorig_LeftHandThumb1,10,0.4077160954475403,0.8782027959823608,-0.25005531311035156,0,-0.5576562285423279,0.45632970333099365,0.6933849453926086,0,0.723039984703064,-0.14325924217700958,0.6757879853248596,0,-0.08185800164937973,0.04394900053739548,0,1
B12,mixamorig_LeftHandThumb2,11,0.9507320523262024,-0.30998384952545166,0.004299055319279432,0,0.23994413018226624,0.7445570230484009,0.6229459047317505,0,-0.196304053068161,-0.5912230014801025,0.7822529673576355,0,-0.009142999537289143,0.07376299798488617,0,1
B13,mixamorig_LeftHandThumb3,12,0.9947540163993835,-0.06490805000066757,0.07906688749790192,0,0.04188891127705574,0.9636030197143555,0.26403504610061646,0,-0.09332709014415741,-0.2593379020690918,0.9612669348716736,0,-0.0005629999795928597,0.09730099886655807,0,1
B14,mixamorig_LeftHandThumb4,13,1,0,0,0,0,1,0,0,0,0,1,0,0.009705999866127968,0.08156999945640564,0,1
B15,mixamorig_LeftHandIndex1,10,0.9959480166435242,0.08578778058290482,0.026973199099302292,0,-0.08825108408927917,0.8747138381004333,0.4765372574329376,0,0.01728724129498005,-0.4769866466522217,0.8787401914596558,0,0,0.1151529997587204,0.0015910000074654818,1
B16,mixamorig_LeftHandIndex2,15,0.999987006187439,0.005088401958346367,0.0003142153727822006,0,-0.004649544134736061,0.8849910497665405,0.4655848443508148,0,0.002091004280373454,-0.4655801057815552,0.8850029706954956,0,0.00355900009162724,0.14229199290275574,0,1
B17,mixamorig_LeftHandIndex3,16,0.9969779849052429,0.07764625549316406,0.002371737267822027,0,-0.0759478285908699,0.9678451418876648,0.23980772495269775,0,0.016324708238244057,-0.23926331102848053,0.9708179831504822,0,-0.004298000130802393,0.11636000126600266,0,1
B18,mixamorig_LeftHandIndex4,17,1,0,0,0,0,1,0,0,0,0,1,0,0.0007389999809674919,0.0909150019288063,0,1
B19,mixamorig_RightShoulder,3,-0.011709813959896564,-0.007840972393751144,0.9999011158943176,0,-0.9639180898666382,-0.2658628523349762,-0.013373185880482197,0,0.2659412622451782,-0.9639790058135986,-0.004444930236786604,0,-0.10646799951791763,0.2636539936065674,0.000004999999873689376,1
B20,mixamorig_RightArm,19,-0.04126626253128052,-0.9917441010475159,-0.12141375988721848,0,0.9971500635147095,-0.033197928220033646,-0.06774194538593292,0,0.0631520226597786,-0.12386323511600494,0.9902879595756531,0,0,0.22705300152301788,0,1
B21,mixamorig_RightForeArm,20,0.8811520934104919,-0.47281691431999207,-0.00396598968654871,0,0.47282907366752625,0.8810769319534302,0.01166030578315258,0,-0.0020188468042761087,-0.012149733491241932,0.9999240040779114,0,0,0.5401849746704102,0,1
B22,mixamorig_RightHand,21,0.9576119780540466,0.03512023016810417,-0.2859140634536743,0,-0.054630741477012634,0.9966689944267273,-0.06054898723959923,0,0.2828349471092224,0.07360207289457321,0.9563400149345398,0,0,0.4968239963054657,0,1
B23,mixamorig_RightHandThumb1,22,0.705566942691803,-0.46923714876174927,0.5310290455818176,0,-0.13863609731197357,0.6434789896011353,0.7528049945831299,0,-0.6949499249458313,-0.604773998260498,0.3889641761779785,0,0.08952900022268295,0.05150499939918518,0,1
B24,mixamorig_RightHandThumb2,23,0.6337761282920837,0.6110062003135681,-0.4743416905403137,0,-0.7104899287223816,0.7022879719734192,-0.04467092826962471,0,0.305830180644989,0.36532625555992126,0.8792068362236023,0,0.01981399953365326,0.08021900057792664,0,1
B25,mixamorig_RightHandThumb3,24,0.9777959585189819,0.07064027339220047,-0.19729623198509216,0,-0.11149567365646362,0.9725240468978882,-0.204366073012352,0,0.17743881046772003,0.22182597219944,0.9588059782981873,0,0.0024770000018179417,0.09086299687623978,0,1
B26,mixamorig_RightHandThumb4,25,1,0,0,0,0,1,0,0,0,0,1,0,-0.022290999069809914,0.06606300175189972,0,1
B27,mixamorig_RightHandIndex1,22,0.9914950728416443,-0.10643872618675232,-0.0748850479722023,0,0.11608709394931793,0.463230162858963,0.8786019086837769,0,-0.05882828310132027,-0.8798230886459351,0.47164684534072876,0,0,0.11305999755859375,0.001303000026382506,1
B28,mixamorig_RightHandIndex2,27,0.9929829239845276,-0.09457819163799286,-0.07099096477031708,0,0.06096407026052475,-0.10498783737421036,0.9926030039787292,0,-0.10133180767297745,-0.9899659156799316,-0.09848527610301971,0,-0.00254100002348423,0.15283699333667755,0,1
B29,mixamorig_RightHandIndex3,28,0.9851629137992859,-0.16061317920684814,-0.060476336628198624,0,0.15228065848350525,0.6555562615394592,0.7396328449249268,0,-0.07914912700653076,-0.7378681302070618,0.6702879071235657,0,0.006070000119507313,0.11340600252151489,0,1
B30,mixamorig_RightHandIndex4,29,1,0,0,0,0,1,0,0,0,0,1,0,-0.0035290000960230827,0.09126099944114685,0,1
B31,mixamorig_LeftUpLeg,0,-0.92274010181427,-0.060308948159217834,0.38067489862442017,0,0.23466312885284424,-0.8714250326156616,0.43075695633888245,0,0.30575108528137207,0.4868070185184479,0.8182509541511536,0,0.1860329955816269,-0.11189699918031693,-0.003965000156313181,1
B32,mixamorig_LeftLeg,31,0.9934759736061096,0.07859206944704056,-0.08263397961854935,0,-0.1136629730463028,0.6235417723655701,-0.773483157157898,0,-0.009263904765248299,0.7778298258781433,0.6284072399139404,0,0,0.6513429880142212,0,1
B33,mixamorig_LeftFoot,32,0.9807129502296448,-0.09940429031848907,0.1682882308959961,0,-0.12945890426635742,0.3147026300430298,0.9403200745582581,0,-0.14643268287181854,-0.9439709782600403,0.29576432704925537,0,0,0.5067660212516785,0,1
B34,mixamorig_LeftToeBase,33,0.9997439980506897,8.114016480931241e-8,0.02262113057076931,0,-0.013729858212172985,0.7947428822517395,0.6067901253700256,0,-0.017977947369217873,-0.6069458723068237,0.7945400476455688,0,0,0.3611550033092499,0,1
B35,mixamorig_LeftToe_End,34,1,0,0,0,0,1,0,0,0,0,1,0,0,0.13561299443244934,0,1
B36,mixamorig_RightUpLeg,0,-0.8967820405960083,0.05472082272171974,-0.43907591700553894,0,-0.21536312997341156,-0.9208290576934814,0.3251038193702698,0,-0.3865239918231964,0.3861081004142761,0.837567925453186,0,-0.1860329955816269,-0.11189699918031693,-0.0019519999623298645,1
B37,mixamorig_RightLeg,36,0.988789975643158,-0.12935586273670197,0.07458025217056274,0,0.14066588878631592,0.6394588351249695,-0.755847156047821,0,0.0500822477042675,0.757864773273468,0.6504862308502197,0,0,0.6512380242347717,0,1
B38,mixamorig_RightFoot,37,0.9717190861701965,0.1826697587966919,-0.14964734017848969,0,0.09730265289545059,0.2676858603954315,0.9585800766944885,0,0.21516214311122894,-0.9460319876670837,0.2423412799835205,0,0,0.5072460174560547,0,1
B39,mixamorig_RightToeBase,38,0.9997320175170898,0.000031969830160960555,-0.02315986156463623,0,0.014122060500085354,0.7917410731315613,0.6106939315795898,0,0.01835612766444683,-0.6108570098876953,0.7915279269218445,0,0,0.35923901200294495,0,1
B40,mixamorig_RightToe_End,39,1,0,0,0,0,1,0,0,0,0,1,0,0,0.13514000177383423,0,1
@34,0,1,2,3,4,5,7,8,9,10,11,12,13,15,16,17,19,20,21,22,23,24,25,27,28,29,31,32,33,34,36,37,38,39
K0,0.9557480812072754,-0.023117898032069206,0.2932758331298828,0,0.03057909943163395,0.9993139505386353,-0.020880945026874542,0,-0.2925921082496643,0.028925055637955666,0.9557999968528748,0,0.0020359999034553766,1.3713500499725342,-0.0035470000002533197,1,0.9991229176521301,-0.005470964126288891,-0.04151415824890137,0,0.007362036965787411,0.9989359974861145,0.045537158846855164,0,0.04122084751725197,-0.04580284282565117,0.9981000423431396,0,0,0.20184600353240967,-0.00443200021982193,1,0.9993529915809631,0.00021164405916351825,-0.035960037261247635,0,0.001624644035473466,0.9986960291862488,0.05102778226137161,0,0.03592396154999733,-0.051053211092948914,0.9980499744415283,0,0,0.23554399609565735,0,1,0.9993159770965576,-0.00013705980381928384,-0.03697698935866356,0,0.0020019400399178267,0.9987269639968872,0.0504012256860733,0,0.03692300617694855,-0.050440769642591476,0.9980440139770508,0,0,0.26919299364089966,0,1,0.9957959651947021,0.09159807115793228,-0.00043794719385914505,0,-0.09149892628192902,0.994918942451477,0.04200233146548271,0,0.004283052869141102,-0.04178566485643387,0.9991170763969421,0,0,0.30284199118614197,0,1,0.9910539984703064,0.02871692180633545,-0.13033469021320343,0,-0.03296607732772827,0.9989889860153198,-0.030561886727809906,0,0.12932530045509338,0.03458511084318161,0.9909989237785339,0,0,0.3297629952430725,-0.0025820001028478146,1,0.07833743840456009,0.01933346502482891,-0.9967389702796936,0,0.9961250424385071,0.038580272346735,0.07903750985860825,0,0.03998251631855965,-0.999068021774292,-0.016236256808042526,0,0.10646799951791763,0.2636919915676117,-0.001724999980069697,1,0.29233601689338684,0.8572810888290405,0.42380383610725403,0,-0.9506579041481018,0.3086460828781128,0.0314180813729763,0,-0.10387119650840759,-0.4120769202709198,0.9052090048789978,0,0,0.22705300152301788,0,1,0.7914670705795288,0.6111660599708557,0.007531778886914253,0,-0.6111809611320496,0.791240930557251,0.019913142547011375,0,0.006210778374224901,-0.020363854244351387,0.9997730255126953,0,0,0.5402770042419434,0,1,0.6269200444221497,0.26115280389785767,0.7340100407600403,0,-0.23180022835731506,0.9620029330253601,-0.14428898692131042,0,-0.7438010573387146,-0.0796859934926033,0.6636339426040649,0,0,0.4967939853668213,0,1,0.407716304063797,0.8782027363777161,-0.25005531311035156,0,-0.5576564073562622,0.4563298523426056,0.6933847665786743,0,0.7230397462844849,-0.14325928688049316,0.6757882237434387,0,-0.08185800164937973,0.04394900053739548,0,1,0.9507320523262024,-0.3099838197231293,0.004298991058021784,0,0.23994414508342743,0.7445570230484009,0.6229459643363953,0,-0.19630400836467743,-0.5912230610847473,0.7822529673576355,0,-0.009142999537289143,0.07376299798488617,0,1,0.9947540163993835,-0.06490807235240936,0.07906688749790192,0,0.04188892990350723,0.9636030197143555,0.26403504610061646,0,-0.093327097594738,-0.2593379020690918,0.9612669348716736,0,-0.0005629999795928597,0.09730099886655807,0,1,0.9959480166435242,0.08578784018754959,0.026973238214850426,0,-0.08825115114450455,0.8747137784957886,0.47653728723526,0,0.01728723756968975,-0.47698667645454407,0.8787401914596558,0,0,0.1151529997587204,0.0015910000074654818,1,0.999987006187439,0.00508845504373312,0.0003141165361739695,0,-0.004649545531719923,0.8849910497665405,0.4655848741531372,0,0.0020911165047436953,-0.46558013558387756,0.8850029706954956,0,0.00355900009162724,0.14229199290275574,0,1,0.9969779849052429,0.07764621824026108,0.0023717167787253857,0,-0.07594778388738632,0.9678451418876648,0.23980772495269775,0,0.016324717551469803,-0.23926331102848053,0.9708179831504822,0,-0.004298000130802393,0.11636000126600266,0,1,-0.01171011384576559,-0.007840718142688274,0.9999010562896729,0,-0.9639180302619934,-0.26586300134658813,-0.013373441062867641,0,0.26594141125679016,-0.9639788866043091,-0.004444559570401907,0,-0.10646799951791763,0.2636539936065674,0.000004999999873689376,1,-0.04126611351966858,-0.9917440414428711,-0.12141372263431549,0,0.9971499443054199,-0.03319774940609932,-0.06774220615625381,0,0.06315229088068008,-0.12386319786310196,0.9902878999710083,0,0,0.22705300152301788,0,1,0.8811520338058472,-0.47281694412231445,-0.003965913318097591,0,0.47282910346984863,0.8810769319534302,0.011660303920507431,0,-0.0020189136266708374,-0.012149696238338947,0.9999240040779114,0,0,0.5401849746704102,0,1,0.9576119780540466,0.035120245069265366,-0.2859140634536743,0,-0.05463074892759323,0.9966689944267273,-0.06054895371198654,0,0.2828349471092224,0.07360204309225082,0.9563400149345398,0,0,0.4968239963054657,0,1,0.7055668830871582,-0.46923717856407166,0.5310290455818176,0,-0.13863617181777954,0.6434789299964905,0.7528049945831299,0,-0.6949499249458313,-0.604773998260498,0.38896408677101135,0,0.08952900022268295,0.05150499939918518,0,1,0.6337761282920837,0.6110061407089233,-0.4743417203426361,0,-0.7104898691177368,0.702288031578064,-0.044670816510915756,0,0.30583029985427856,0.3653261661529541,0.8792068362236023,0,0.01981399953365326,0.08021900057792664,0,1,0.9777959585189819,0.07064029574394226,-0.19729620218276978,0,-0.11149568855762482,0.9725240468978882,-0.2043660581111908,0,0.17743878066539764,0.2218259572982788,0.958806037902832,0,0.0024770000018179417,0.09086299687623978,0,1,0.9914950132369995,-0.10643874108791351,-0.07488521933555603,0,0.11608725041151047,0.463230162858963,0.8786019086837769,0,-0.05882821977138519,-0.8798231482505798,0.47164684534072876,0,0,0.11305999755859375,0.001303000026382506,1,0.9929829835891724,-0.09457813948392868,-0.07099073380231857,0,0.06096384674310684,-0.10498780757188797,0.9926030039787292,0,-0.10133172571659088,-0.9899659156799316,-0.09848527610301971,0,-0.00254100002348423,0.15283699333667755,0,1,0.9851629137992859,-0.1606132984161377,-0.06047626957297325,0,0.15228068828582764,0.6555562615394592,0.7396328449249268,0,-0.0791492685675621,-0.7378681302070618,0.6702879071235657,0,0.006070000119507313,0.11340600252151489,0,1,-0.92274010181427,-0.06030890345573425,0.3806748688220978,0,0.23466308414936066,-0.8714250326156616,0.43075695633888245,0,0.30575111508369446,0.4868070185184479,0.8182509541511536,0,0.1860329955816269,-0.11189699918031693,-0.003965000156313181,1,0.9934759736061096,0.07859206199645996,-0.08263393491506577,0,-0.11366293579339981,0.6235418319702148,-0.773483157157898,0,-0.009263932704925537,0.7778298258781433,0.6284072399139404,0,0,0.6513429880142212,0,1,0.980712890625,-0.09940412640571594,0.1682884246110916,0,-0.12945911288261414,0.3147027790546417,0.9403199553489685,0,-0.14643259346485138,-0.9439709186553955,0.2957644462585449,0,0,0.5067660212516785,0,1,0.9997439980506897,0,0.02262110263109207,0,-0.013729874975979328,0.7947428822517395,0.6067901253700256,0,-0.017977898940443993,-0.6069458723068237,0.7945400476455688,0,0,0.3611550033092499,0,1,-0.8967821002006531,0.05472082644701004,-0.4390760064125061,0,-0.21536318957805634,-0.9208291172981262,0.32510384917259216,0,-0.3865240514278412,0.3861081898212433,0.8375678658485413,0,-0.1860329955816269,-0.11189699918031693,-0.0019519999623298645,1,0.9887899160385132,-0.12935598194599152,0.07458030432462692,0,0.14066600799560547,0.6394588351249695,-0.755847156047821,0,0.050082311034202576,0.757864773273468,0.6504862308502197,0,0,0.6512380242347717,0,1,0.9717191457748413,0.182669535279274,-0.14964714646339417,0,0.09730252623558044,0.2676858603954315,0.9585800766944885,0,0.21516187489032745,-0.9460319876670837,0.24234135448932648,0,0,0.5072460174560547,0,1,0.9997320175170898,0.00003201614526915364,-0.023159852251410484,0,0.014122017659246922,0.7917410731315613,0.6106939315795898,0,0.018356148153543472,-0.6108570098876953,0.7915279269218445,0,0,0.35923901200294495,0,1
K0.034,0.956156849861145,-0.02433115802705288,0.2918429970741272,0,0.031178098171949387,0.9993361830711365,-0.018832551315426826,0,-0.2911910116672516,0.02710597962141037,0.9562805891036987,0,0.002223851392045617,1.3716154098510742,-0.0037314151413738728,1,0.9991514086723328,-0.006187949329614639,-0.04071055352687836,0,0.007982988841831684,0.998995840549469,0.04407895728945732,0,0.040396951138973236,-0.04436657950282097,0.9981983304023743,0,0,0.20184600353240967,-0.00443200021982193,1,0.9993712902069092,-0.0002713722351472825,-0.035449203103780746,0,0.002038099803030491,0.9987567663192749,0.049811653792858124,0,0.03539160639047623,-0.04985256865620613,0.9981290698051453,0,0,0.23554399609565735,0,1,0.9993352293968201,-0.0006244967808015645,-0.03644412010908127,0,0.002418049843981862,0.9987867474555969,0.049190472811460495,0,0.03636917471885681,-0.049245886504650116,0.9981240630149841,0,0,0.26919299364089966,0,1,0.9958437085151672,0.09106616675853729,-0.0011951313354074955,0,-0.09094636142253876,0.9950568675994873,0.039872173219919205,0,0.0048202332109212875,-0.03959779068827629,0.9992040991783142,0,0,0.30284199118614197,0,1,0.9905909895896912,0.03324034810066223,-0.13275830447673798,0,-0.03667088598012924,0.9990520477294922,-0.023478860035538673,0,0.1318519115447998,0.028126293793320656,0.9908702373504639,0,0,0.3297629952430725,-0.0025820001028478146,1,0.06848375499248505,0.01624367944896221,-0.9975199103355408,0,0.9969183206558228,0.03723030537366867,0.06904875487089157,0,0.03825961798429489,-0.9991744756698608,-0.013643988408148289,0,0.10646799951791763,0.2636919915676117,-0.001724999980069697,1,0.29022666811943054,0.8614760637283325,0.41668564081192017,0,-0.952477753162384,0.30213093757629395,0.038772307336330414,0,-0.0924922525882721,-0.4081366956233978,0.9082236289978027,0,0,0.22705300152301788,0,1,0.7929514646530151,0.6092391610145569,0.007483527529984713,0,-0.6092539429664612,0.7927268743515015,0.019850820302963257,0,0.006161503028124571,-0.02030010148882866,0.9997750520706177,0,0,0.5402770042419434,0,1,0.6262333989143372,0.2619320750236511,0.7343182563781738,0,-0.23236875236034393,0.9617734551429749,-0.1448993682861328,0,-0.7442016005516052,-0.07989179342985153,0.6631595492362976,0,0,0.4967939853668213,0,1,0.407716304063797,0.8782027363777161,-0.25005531311035156,0,-0.5576564073562622,0.4563298523426056,0.6933847665786743,0,0.7230397462844849,-0.14325928688049316,0.6757882237434387,0,-0.08185800164937973,0.04394900053739548,0,1,0.9507320523262024,-0.3099838197231293,0.004298991058021784,0,0.23994414508342743,0.7445570230484009,0.6229459643363953,0,-0.19630400836467743,-0.5912230610847473,0.7822529673576355,0,-0.009142999537289143,0.07376299798488617,0,1,0.9947540163993835,-0.06490807235240936,0.07906688749790192,0,0.04188892990350723,0.9636030197143555,0.26403504610061646,0,-0.093327097594738,-0.2593379020690918,0.9612669348716736,0,-0.0005629999795928597,0.09730099886655807,0,1,0.9959480166435242,0.08578695356845856,0.026972508057951927,0,-0.0882500633597374,0.8747140765190125,0.47653791308403015,0,0.017287496477365494,-0.4769870638847351,0.8787399530410767,0,0,0.1151529997587204,0.0015910000074654818,1,0.999987006187439,0.005088954698294401,0.0003142399073112756,0,-0.004650044720619917,0.8849910497665405,0.4655848741531372,0,0.002091239904984832,-0.46558013558387756,0.8850029706954956,0,0.00355900009162724,0.14229199290275574,0,1,0.9969779849052429,0.07764622569084167,0.002371699083596468,0,-0.07594777643680573,0.9678450226783752,0.23980718851089478,0,0.01632470078766346,-0.23926283419132233,0.9708181023597717,0,-0.004298000130802393,0.11636000126600266,0,1,-0.013445607386529446,-0.0074108135886490345,0.9998818635940552,0,-0.9643314480781555,-0.2642759084701538,-0.014926268719136715,0,0.26435545086860657,-0.9644187688827515,-0.0035931523889303207,0,-0.10646799951791763,0.2636539936065674,0.000004999999873689376,1,-0.04506302997469902,-0.9923216700553894,-0.1151857003569603,0,0.9974192380905151,-0.03824027627706528,-0.0607721321284771,0,0.055900730192661285,-0.11762692779302597,0.991483211517334,0,0,0.22705300152301788,0,1,0.8823786973953247,-0.4705233573913574,-0.003934922162443399,0,0.47053563594818115,0.8823046088218689,0.011603456921875477,0,-0.0019878980237990618,-0.012090167962014675,0.9999250769615173,0,0,0.5401849746704102,0,1,0.954406201839447,0.03236279636621475,-0.2967526912689209,0,-0.05371882766485214,0.9964965581893921,-0.06409434229135513,0,0.29363876581192017,0.07711324840784073,0.9528010487556458,0,0,0.4968239963054657,0,1,0.7055661678314209,-0.4692375957965851,0.5310289859771729,0,-0.13863658905029297,0.6434779167175293,0.7528051733970642,0,-0.6949501037597656,-0.604773998260498,0.38896286487579346,0,0.08952900022268295,0.05150499939918518,0,1,0.6337759494781494,0.6110060214996338,-0.47434109449386597,0,-0.7104899287223816,0.7022879719734192,-0.044670939445495605,0,0.30582988262176514,0.36532601714134216,0.8792070150375366,0,0.01981399953365326,0.08021900057792664,0,1,0.9777959585189819,0.07063975185155869,-0.1972961574792862,0,-0.1114952489733696,0.9725240468978882,-0.20436659455299377,0,0.17743881046772003,0.22182637453079224,0.9588059186935425,0,0.0024770000018179417,0.09086299687623978,0,1,0.9914950132369995,-0.10643874853849411,-0.07488524168729782,0,0.11608724296092987,0.46322980523109436,0.8786020874977112,0,-0.05882823467254639,-0.8798229098320007,0.471646249294281,0,0,0.11305999755859375,0.001303000026382506,1,0.9929829835891724,-0.0945781022310257,-0.07099178433418274,0,0.06096489354968071,-0.10498790442943573,0.9926030039787292,0,-0.10133178532123566,-0.9899659752845764,-0.09848526120185852,0,-0.00254100002348423,0.15283699333667755,0,1,0.9851630330085754,-0.1606128066778183,-0.06047606095671654,0,0.15228018164634705,0.6555561423301697,0.739632785320282,0,-0.07914905250072479,-0.7378681898117065,0.6702878475189209,0,0.006070000119507313,0.11340600252151489,0,1,-0.9224992394447327,-0.05773404985666275,0.381656676530838,0,0.23377956449985504,-0.8703484535217285,0.43340709805488586,0,0.3071517050266266,0.48904088139533997,0.8163921236991882,0,0.1860329955816269,-0.11189699918031693,-0.003965000156313181,1,0.9929048418998718,0.0809846892952919,-0.08707024902105331,0,-0.1186254471540451,0.6239108443260193,-0.7724400758743286,0,-0.008231750689446926,0.7772882580757141,0.6290909647941589,0,0,0.6513429880142212,0,1,0.9806154370307922,-0.1005297303199768,0.16818980872631073,0,-0.12884366512298584,0.3158722519874573,0.9400131702423096,0,-0.1476256251335144,-0.9434607028961182,0.2967963218688965,0,0,0.5067660212516785,0,1,0.9997439980506897,0,0.02262111008167267,0,-0.013729889877140522,0.7947429418563843,0.606791079044342,0,-0.017977887764573097,-0.6069459319114685,0.7945389747619629,0,0,0.3611550033092499,0,1,-0.9004173874855042,0.0534939244389534,-0.43172433972358704,0,-0.21137140691280365,-0.9211893677711487,0.32670027017593384,0,-0.38022369146347046,0.38542109727859497,0.8407625555992126,0,-0.1860329955816269,-0.11189699918031693,-0.0019519999623298645,1,0.9884440898895264,-0.1357845515012741,0.06738314032554626,0,0.1395048350095749,0.6409615278244019,-0.754788875579834,0,0.05929866060614586,0.755466878414154,0.6524972319602966,0,0,0.6512380242347717,0,1,0.9711876511573792,0.1859879046678543,-0.14900371432304382,0,0.09532710909843445,0.2698582708835602,0.9581699967384338,0,0.21841788291931152,-0.9447667598724365,0.2443532794713974,0,0,0.5072460174560547,0,1,0.9997320771217346,0.000028953754735994153,-0.02315204218029976,0,0.014118879102170467,0.7917671799659729,0.6106597781181335,0,0.018348708748817444,-0.6108230352401733,0.7915546894073486,0,0,0.35923901200294495,0,1
K0.067,0.956620454788208,-0.0253906212747097,0.29022738337516785,0,0.03174518793821335,0.9993478059768677,-0.017207318916916847,0,-0.2896013855934143,0.025674214586615562,0.9568032026290894,0,0.0023709244560450315,1.37189781665802,-0.004003698937594891,1,0.9991844892501831,-0.006916362792253494,-0.03977729752659798,0,0.008606530725955963,0.9990604519844055,0.042477697134017944,0,0.03944611921906471,-0.042785391211509705,0.9983050227165222,0,0,0.20184600353240967,-0.00443200021982193,1,0.9993923306465149,-0.0008098396938294172,-0.034850526601076126,0,0.0025000039022415876,0.9988214373588562,0.04848132282495499,0,0.034770164638757706,-0.04853895306587219,0.9982157349586487,0,0,0.23554399609565735,0,1,0.9993573427200317,-0.0011667927028611302,-0.03582426905632019,0,0.002882050583139062,0.9988493919372559,0.047865550965070724,0,0.03572719544172287,-0.0479380339384079,0.9982107281684875,0,0,0.26919299364089966,0,1,0.9958981275558472,0.09045303612947464,-0.0020839401986449957,0,-0.0903109610080719,0.9952014684677124,0.03766164183616638,0,0.005480550695210695,-0.03731895610690117,0.9992882013320923,0,0,0.30284199118614197,0,1,0.990092933177948,0.0385957695543766,-0.1350034773349762,0,-0.0411720834672451,0.9990182518959045,-0.016342630609869957,0,0.1342402547597885,0.021739112213253975,0.9907105565071106,0,0,0.3297629952430725,-0.0025820001028478146,1,0.05885537713766098,0.013174988329410553,-0.9981791973114014,0,0.9976143836975098,0.035354744642972946,0.05928874388337135,0,0.03607155755162239,-0.9992884993553162,-0.011062771081924438,0,0.10646799951791763,0.2636919915676117,-0.001724999980069697,1,0.2864636182785034,0.8673468828201294,0.406997412443161,0,-0.9546716809272766,0.2942619323730469,0.04484432190656662,0,-0.08086835592985153,-0.40139564871788025,0.9123280048370361,0,0,0.22705300152301788,0,1,0.7968490123748779,0.6041343808174133,0.007356144953519106,0,-0.6041488647460938,0.796628475189209,0.01968458853662014,0,0.006032019387930632,-0.020129842683672905,0.9997791647911072,0,0,0.5402770042419434,0,1,0.6226668357849121,0.26487916707992554,0.7362912893295288,0,-0.2365208864212036,0.9606590270996094,-0.14557398855686188,0,-0.7458847761154175,-0.08350420743227005,0.6608203053474426,0,0,0.4967939853668213,0,1,0.40771612524986267,0.8782029151916504,-0.25005510449409485,0,-0.5576573014259338,0.45632994174957275,0.6933848857879639,0,0.7230399250984192,-0.14325909316539764,0.6757889986038208,0,-0.08185800164937973,0.04394900053739548,0,1,0.9507320523262024,-0.3099838197231293,0.004298991058021784,0,0.23994414508342743,0.7445570230484009,0.6229459643363953,0,-0.19630400836467743,-0.5912230610847473,0.7822529673576355,0,-0.009142999537289143,0.07376299798488617,0,1,0.9947540163993835,-0.06490807235240936,0.07906688749790192,0,0.04188892990350723,0.9636030197143555,0.26403504610061646,0,-0.093327097594738,-0.2593379020690918,0.9612669348716736,0,-0.0005629999795928597,0.09730099886655807,0,1,0.9959480166435242,0.0857878178358078,0.026973232626914978,0,-0.08825112879276276,0.8747137784957886,0.47653728723526,0,0.017287231981754303,-0.47698667645454407,0.8787401914596558,0,0,0.1151529997587204,0.0015910000074654818,1,0.999987006187439,0.005088942125439644,0.00031423679320141673,0,-0.00465003214776516,0.8849910497665405,0.4655848741531372,0,0.0020912368781864643,-0.46558013558387756,0.8850029706954956,0,0.00355900009162724,0.14229199290275574,0,1,0.9969779849052429,0.07764621824026108,0.002371728653088212,0,-0.07594778388738632,0.9678451418876648,0.23980771005153656,0,0.016324704512953758,-0.23926329612731934,0.9708179831504822,0,-0.004298000130802393,0.11636000126600266,0,1,-0.01438622921705246,-0.007140849716961384,0.9998712539672852,0,-0.9651064872741699,-0.26138362288475037,-0.015752749517560005,0,0.2614623010158539,-0.9652082324028015,-0.0031313817016780376,0,-0.10646799951791763,0.2636539936065674,0.000004999999873689376,1,-0.04755990207195282,-0.9929208159446716,-0.1088375672698021,0,0.9976590275764465,-0.04185855761170387,-0.054083675146102905,0,0.04914504289627075,-0.11115504056215286,0.992587685585022,0,0,0.22705300152301788,0,1,0.8835592865943909,-0.468304306268692,-0.003906305879354477,0,0.4683161675930023,0.8834853172302246,0.011548997834324837,0,-0.001957280794158578,-0.012033608742058277,0.9999260306358337,0,0,0.5401849746704102,0,1,0.9506263732910156,0.03138541802763939,-0.30874475836753845,0,-0.05514202639460564,0.996124804019928,-0.06852154433727264,0,0.30539771914482117,0.08216319233179092,0.9486730694770813,0,0,0.4968239963054657,0,1,0.7055670619010925,-0.46923762559890747,0.5310292840003967,0,-0.13863657414913177,0.6434780955314636,0.7528049945831299,0,-0.694949746131897,-0.6047740578651428,0.3889632225036621,0,0.08952900022268295,0.05150499939918518,0,1,0.6337759494781494,0.6110060214996338,-0.47434109449386597,0,-0.7104899287223816,0.7022879719734192,-0.044670939445495605,0,0.30582988262176514,0.36532601714134216,0.8792070150375366,0,0.01981399953365326,0.08021900057792664,0,1,0.9777959585189819,0.07064028084278107,-0.19729620218276978,0,-0.11149567365646362,0.9725240468978882,-0.2043660581111908,0,0.17743878066539764,0.2218259572982788,0.958806037902832,0,0.0024770000018179417,0.09086299687623978,0,1,0.9914949536323547,-0.10643826425075531,-0.07488495111465454,0,0.11608678102493286,0.46322986483573914,0.878602147102356,0,-0.058827947825193405,-0.8798229694366455,0.471646249294281,0,0,0.11305999755859375,0.001303000026382506,1,0.9929829239845276,-0.09457863867282867,-0.07099118828773499,0,0.06096434220671654,-0.10498682409524918,0.9926030039787292,0,-0.10133219510316849,-0.9899659156799316,-0.09848421066999435,0,-0.00254100002348423,0.15283699333667755,0,1,0.9851629137992859,-0.16061308979988098,-0.06047675758600235,0,0.15228091180324554,0.6555562019348145,0.7396328449249268,0,-0.0791487917304039,-0.7378682494163513,0.6702878475189209,0,0.006070000119507313,0.11340600252151489,0,1,-0.9224228858947754,-0.05523959919810295,0.38221126794815063,0,0.23261764645576477,-0.8694992661476135,0.43573033809661865,0,0.3082626461982727,0.4908364415168762,0.8148952126502991,0,0.1860329955816269,-0.11189699918031693,-0.003965000156313181,1,0.9923158884048462,0.083455391228199,-0.0913490355014801,0,-0.12351478636264801,0.6244668364524841,-0.7712238430976868,0,-0.007318343035876751,0.776580274105072,0.6299760341644287,0,0,0.6513429880142212,0,1,0.9805001020431519,-0.10170958191156387,0.16815046966075897,0,-0.12823115289211273,0.3172600269317627,0.9396287798881531,0,-0.14891678094863892,-0.9428689479827881,0.29803135991096497,0,0,0.5067660212516785,0,1,0.9997439980506897,0,0.022621095180511475,0,-0.013729860074818134,0.7947438359260559,0.6067891716957092,0,-0.01797790452837944,-0.6069449186325073,0.79454106092453,0,0,0.3611550033092499,0,1,-0.9037948846817017,0.05247478187084198,-0.4247362017631531,0,-0.20760130882263184,-0.9216228723526001,0.32789069414138794,0,-0.37424084544181824,0.3845219910144806,0.8438524007797241,0,-0.1860329955816269,-0.11189699918031693,-0.0019519999623298645,1,0.9880092740058899,-0.14221645891666412,0.06009942665696144,0,0.13831785321235657,0.6423726677894592,-0.7538068294525146,0,0.06859756261110306,0.7530816197395325,0.6543418169021606,0,0,0.6512380242347717,0,1,0.9706730246543884,0.18916912376880646,-0.14835399389266968,0,0.0933806449174881,0.27196013927459717,0.9577668905258179,0,0.2215263992547989,-0.943532407283783,0.24631977081298828,0,0,0.5072460174560547,0,1,0.9997320175170898,0.000027796571885119192,-0.02314060740172863,0,0.014111747033894062,0.7918029427528381,0.6106137633323669,0,0.018339768052101135,-0.6107765436172485,0.7915900945663452,0,0,0.35923901200294495,0,1
K0.101,0.9568339586257935,-0.026004385203123093,0.2894703149795532,0,0.0322343111038208,0.9993394017219543,-0.01677435263991356,0,-0.2888427674770355,0.025381138548254967,0.9570397138595581,0,0.0024107873905450106,1.3722180128097534,-0.004106262233108282,1,0.9992052316665649,-0.007249159272760153,-0.03919537737965584,0,0.008861402049660683,0.9991152882575989,0.04111745208501816,0,0.03886263445019722,-0.04143210127949715,0.998385488986969,0,0,0.20184600353240967,-0.00443200021982193,1,0.9994061589241028,-0.0011552508221939206,-0.03443524241447449,0,0.0027858365792781115,0.9988753199577332,0.04734192043542862,0,0.03434179350733757,-0.047409698367118835,0.9982845187187195,0,0,0.23554399609565735,0,1,0.9993722438812256,-0.001513116993010044,-0.035383809357881546,0,0.003167008049786091,0.9989023208618164,0.04673221707344055,0,0.03527427464723587,-0.04681495949625969,0.9982805252075195,0,0,0.26919299364089966,0,1,0.9959437251091003,0.08994197100400925,-0.002555930521339178,0,-0.08979007601737976,0.9952955842018127,0.03638066351413727,0,0.005816057324409485,-0.036003608256578445,0.9993347525596619,0,0,0.30284199118614197,0,1,0.989805281162262,0.04326621815562248,-0.1356993168592453,0,-0.044884175062179565,0.9989528059959412,-0.008884950540959835,0,0.13517268002033234,0.014885109849274158,0.9907098412513733,0,0,0.3297629952430725,-0.0025820001028478146,1,0.05178183689713478,0.011038527823984623,-0.9985973238945007,0,0.9981594085693359,0.031029732897877693,0.052102092653512955,0,0.031561318784952164,-0.9994579553604126,-0.0094114039093256,0,0.10646799951791763,0.2636919915676117,-0.001724999980069697,1,0.28144240379333496,0.8740833401679993,0.3959404528141022,0,-0.9570288062095642,0.28574320673942566,0.04946484789252281,0,-0.06990089267492294,-0.39284783601760864,0.9169430136680603,0,0,0.22705300152301788,0,1,0.8031492829322815,0.5957357287406921,0.0071510509587824345,0,-0.5957499742507935,0.8029355406761169,0.019410783424973488,0,0.005821863189339638,-0.0198499895632267,0.9997862577438354,0,0,0.5402770042419434,0,1,0.6175045371055603,0.26882389187812805,0.7392035126686096,0,-0.24290207028388977,0.9590227007865906,-0.14585302770137787,0,-0.7481221556663513,-0.08948921412229538,0.6574991345405579,0,0,0.4967939853668213,0,1,0.4077167212963104,0.8782021403312683,-0.25005507469177246,0,-0.557655930519104,0.4563301205635071,0.6933850049972534,0,0.7230399250984192,-0.14326003193855286,0.6757880449295044,0,-0.08185800164937973,0.04394900053739548,0,1,0.9507320523262024,-0.3099838197231293,0.004298991058021784,0,0.23994414508342743,0.7445570230484009,0.6229459643363953,0,-0.19630400836467743,-0.5912230610847473,0.7822529673576355,0,-0.009142999537289143,0.07376299798488617,0,1,0.9947540163993835,-0.06490807235240936,0.07906688749790192,0,0.04188892990350723,0.9636030197143555,0.26403504610061646,0,-0.093327097594738,-0.2593379020690918,0.9612669348716736,0,-0.0005629999795928597,0.09730099886655807,0,1,0.9959480166435242,0.08578687906265259,0.026972973719239235,0,-0.08825018256902695,0.8747138977050781,0.47653728723526,0,0.017287010326981544,-0.47698667645454407,0.8787401914596558,0,0,0.1151529997587204,0.0015910000074654818,1,0.999987006187439,0.00508845504373312,0.0003141165361739695,0,-0.004649545531719923,0.8849910497665405,0.4655848741531372,0,0.0020911165047436953,-0.46558013558387756,0.8850029706954956,0,0.00355900009162724,0.14229199290275574,0,1,0.9969779849052429,0.0776461660861969,0.0023721803445369005,0,-0.0759478360414505,0.9678450226783752,0.23980717360973358,0,0.01632421649992466,-0.23926281929016113,0.9708179831504822,0,-0.004298000130802393,0.11636000126600266,0,1,-0.013788717798888683,-0.007155086379498243,0.9998788833618164,0,-0.9663447737693787,-0.2568018436431885,-0.015163959935307503,0,0.2568795084953308,-0.9664376378059387,-0.0033732769079506397,0,-0.10646799951791763,0.2636539936065674,0.000004999999873689376,1,-0.04737120866775513,-0.9935423731803894,-0.10309634357690811,0,0.9979304075241089,-0.0425795242190361,-0.04819383844733238,0,0.04349283128976822,-0.10516597330570221,0.9935031533241272,0,0,0.22705300152301788,0,1,0.8845803141593933,-0.4663720726966858,-0.003881132462993264,0,0.46638405323028564,0.8845073580741882,0.01150151714682579,0,-0.00193109514657408,-0.011984110809862614,0.9999260306358337,0,0,0.5401849746704102,0,1,0.9468124508857727,0.031914688646793365,-0.3201979994773865,0,-0.057969383895397186,0.9957064986228943,-0.07216933369636536,0,0.31651994585990906,0.0868925079703331,0.9445973634719849,0,0,0.4968239963054657,0,1,0.7055661678314209,-0.4692375957965851,0.5310289859771729,0,-0.13863658905029297,0.6434779167175293,0.7528051733970642,0,-0.6949501037597656,-0.604773998260498,0.38896286487579346,0,0.08952900022268295,0.05150499939918518,0,1,0.6337762475013733,0.6110057234764099,-0.47434109449386597,0,-0.7104902267456055,0.702288806438446,-0.04467106983065605,0,0.3058300018310547,0.365325927734375,0.8792070150375366,0,0.01981399953365326,0.08021900057792664,0,1,0.9777959585189819,0.07063982635736465,-0.1972961574792862,0,-0.11149520426988602,0.9725239276885986,-0.20436608791351318,0,0.1774388551712036,0.22182591259479523,0.958806037902832,0,0.0024770000018179417,0.09086299687623978,0,1,0.9914950132369995,-0.10643871873617172,-0.07488523423671722,0,0.11608725041151047,0.463230162858963,0.8786019086837769,0,-0.058828193694353104,-0.8798231482505798,0.47164684534072876,0,0,0.11305999755859375,0.001303000026382506,1,0.9929828643798828,-0.09457863867282867,-0.07099123299121857,0,0.06096436455845833,-0.10498718917369843,0.992603063583374,0,-0.10133223235607147,-0.9899659156799316,-0.0984845757484436,0,-0.00254100002348423,0.15283699333667755,0,1,0.9851629137992859,-0.1606132984161377,-0.06047623232007027,0,0.15228068828582764,0.6555566787719727,0.7396323680877686,0,-0.07914919406175613,-0.7378676533699036,0.6702883839607239,0,0.006070000119507313,0.11340600252151489,0,1,-0.9221958518028259,-0.053326673805713654,0.3830283582210541,0,0.23150752484798431,-0.8694926500320435,0.436333566904068,0,0.3097721040248871,0.4910588562488556,0.8141880631446838,0,0.1860329955816269,-0.11189699918031693,-0.003965000156313181,1,0.9917784929275513,0.08585364371538162,-0.0948963314294815,0,-0.12779025733470917,0.6252319812774658,-0.7699053287506104,0,-0.006766959093511105,0.7757024168968201,0.6310629844665527,0,0,0.6513429880142212,0,1,0.9803804755210876,-0.1030295118689537,0.1680418998003006,0,-0.1275484412908554,0.31838250160217285,0.9393419623374939,0,-0.1502816379070282,-0.9423465132713318,0.29899489879608154,0,0,0.5067660212516785,0,1,0.9997439980506897,0,0.02262110263109207,0,-0.013729874975979328,0.7947429418563843,0.6067900657653809,0,-0.017977898940443993,-0.606945812702179,0.7945401072502136,0,0,0.3611550033092499,0,1,-0.9062103033065796,0.052269160747528076,-0.41958311200141907,0,-0.20499545335769653,-0.9222164750099182,0.32786232233047485,0,-0.36980944871902466,0.3831249177455902,0.8464371562004089,0,-0.1860329955816269,-0.11189699918031693,-0.0019519999623298645,1,0.9876776337623596,-0.14643056690692902,0.05524453893303871,0,0.1375434249639511,0.6437223553657532,-0.7527971863746643,0,0.07467036694288254,0.7511194348335266,0.655930757522583,0,0,0.6512380242347717,0,1,0.9703119993209839,0.19132542610168457,-0.14795349538326263,0,0.09204348176717758,0.27358943223953247,0.9574326872825623,0,0.22365956008434296,-0.9426257610321045,0.24785666167736053,0,0,0.5072460174560547,0,1,0.999733030796051,0.000023733546186122112,-0.023127349093556404,0,0.014105583541095257,0.7918446063995361,0.6105589866638184,0,0.018327748402953148,-0.6107219457626343,0.7916325330734253,0,0,0.35923901200294495,0,1
