1.933,30,58,41
B0,mixamorig_Hips,-1,0.7309550046920776,0.004385000094771385,0.6824110150337219,0,0.04973800107836723,0.9969779849052429,-0.05968200042843819,0,-0.6806100010871887,0.07756700366735458,0.7285280227661133,0,0.0032500000670552254,1.393136978149414,-0.015641000121831894,1
B1,mixamorig_Spine,0,0.9966610074043274,-0.015464999713003635,-0.08017099648714066,0,0.021748999133706093,0.996707022190094,0.07812199741601944,0,0.07869900017976761,-0.07960399985313416,0.9937149882316589,0,0,0.20184600353240967,-0.00443200021982193,1
B2,mixamorig_Spine1,1,0.9861840009689331,-0.016867000609636307,-0.164792001247406,0,0.04963500052690506,0.97918301820755,0.19681699573993683,0,0.15804199874401093,-0.20227700471878052,0.9664919972419739,0,0,0.23554399609565735,0,1
B3,mixamorig_Spine2,2,0.9861840009689331,-0.016867000609636307,-0.164792001247406,0,0.04963500052690506,0.97918301820755,0.19681699573993683,0,0.15804199874401093,-0.20227700471878052,0.9664919972419739,0,0,0.26919299364089966,0,1
B4,mixamorig_Neck,3,0.9997439980506897,0.004707000218331814,0.022126000374555588,0,-0.003524000057950616,0.9985769987106323,-0.0532039999961853,0,-0.022345000877976418,0.053112998604774475,0.998337984085083,0,0,0.30284199118614197,0,1
B5,mixamorig_Head,4,0.9370599985122681,-0.04476400092244148,-0.3462870121002197,0,0.00621700007468462,0.9937300086021423,-0.1116349995136261,0,0.34911298751831055,0.1024560034275055,0.9314630031585693,0,0,0.3297629952430725,-0.0025820001028478146,1
B6,mixamorig_HeadTop_End,5,1,0,0,0,0,1,0,0,0,0,1,0,0,0.9484109878540039,-0.007424999959766865,1
B7,mixamorig_LeftShoulder,3,-0.0064650001004338264,0.02638399973511696,-0.9996309876441956,0,0.8918589949607849,-0.4519680142402649,-0.01769700087606907,0,-0.45226800441741943,-0.8916440010070801,-0.020609000697731972,0,0.10646799951791763,0.2636919915676117,-0.001724999980069697,1
B8,mixamorig_LeftArm,7,0.9695590138435364,0.025093000382184982,0.2435690015554428,0,-0.18952199816703796,0.7067520022392273,0.6816030144691467,0,-0.15503999590873718,-0.7070159912109375,0.6899939775466919,0,0,0.22705300152301788,0,1
B9,mixamorig_LeftForeArm,8,0.665054976940155,0.7394800186157227,-0.10426300019025803,0,-0.7392740249633789,0.6716740131378174,0.04825200140476227,0,0.10571199655532837,0.0449879989027977,0.9933789968490601,0,0,0.5402770042419434,0,1
B10,mixamorig_LeftHand,9,0.8444700241088867,-0.09674599766731262,-0.5267930030822754,0,-0.09289199858903885,0.9421910047531128,-0.3219430148601532,0,0.5274860262870789,0.32080599665641785,0.7866650223731995,0,0,0.4967939853668213,0,1
B11,mixamorig_LeftHandThumb1,10,0.8650739789009094,0.46090298891067505,-0.19803200662136078,0,-0.3286359906196594,0.8189510107040405,0.4704430103302002,0,0.3790070116519928,-0.3418880105018616,0.8599219918251038,0,-0.08185800164937973,0.04394900053739548,0,1
B12,mixamorig_LeftHandThumb2,11,0.9938849806785583,0.11042000353336334,0.0007050000131130219,0,-0.1103999987244606,0.9937949776649475,-0.013519000262022018,0,-0.002193999942392111,0.013357999734580517,0.9999079704284668,0,-0.009142999537289143,0.07376299798488617,0,1
B13,mixamorig_LeftHandThumb3,12,0.992231011390686,0.12416200339794159,-0.007895000278949738,0,-0.12415900081396103,0.9922620058059692,0.0009389999904669821,0,0.00795000046491623,0.000048999998398358,0.9999679923057556,0,-0.0005629999795928597,0.09730099886655807,0,1
B14,mixamorig_LeftHandThumb4,13,1,0,0,0,0,1,0,0,0,0,1,0,0.009705999866127968,0.08156999945640564,0,1
B15,mixamorig_LeftHandIndex1,10,0.9871749877929688,0.1589130014181137,0.015242000110447407,0,-0.15944699943065643,0.9861810207366943,0.04499199986457825,0,-0.00788199994713068,-0.046845000237226486,0.9988710284233093,0,0,0.1151529997587204,0.0015910000074654818,1
B16,mixamorig_LeftHandIndex2,15,0.9999949932098389,-0.003017999930307269,0.001319000031799078,0,0.00253499997779727,0.960856020450592,0.27703699469566345,0,-0.002102999947965145,-0.2770319879055023,0.9608579874038696,0,0.00355900009162724,0.14229199290275574,0,1
B17,mixamorig_LeftHandIndex3,16,0.9989979863166809,0.044610001146793365,-0.003530000103637576,0,-0.04461099952459335,0.9990040063858032,0.000028000000384054147,0,0.0035280000884085894,0.00013000000035390258,0.9999939799308777,0,-0.004298000130802393,0.11636000126600266,0,1
B18,mixamorig_LeftHandIndex4,17,1,0,0,0,0,1,0,0,0,0,1,0,0.0007389999809674919,0.0909150019288063,0,1
B19,mixamorig_RightShoulder,3,0.16113899648189545,-0.02448599971830845,0.986627995967865,0,-0.8629530072212219,-0.48858898878097534,0.1288139969110489,0,0.4789009988307953,-0.8721699714660645,-0.09986100345849991,0,-0.10646799951791763,0.2636539936065674,0.000004999999873689376,1
B20,mixamorig_RightArm,19,0.9019830226898193,0.4161610007286072,-0.11505299806594849,0,-0.23989300429821014,0.7045779824256897,0.6678479909896851,0,0.3589960038661957,-0.5747870206832886,0.7353519797325134,0,0,0.22705300152301788,0,1
B21,mixamorig_RightForeArm,20,0.741491973400116,-0.6643940210342407,-0.09364999830722809,0,0.6707559823989868,0.7374690175056458,0.0789090022444725,0,0.01663699932396412,-0.1213269978761673,0.9924730062484741,0,0,0.5401849746704102,0,1
B22,mixamorig_RightHand,21,0.9010509848594666,-0.25356999039649963,0.3518669903278351,0,0.18453800678253174,0.9583309888839722,0.21805299818515778,0,-0.3924970030784607,-0.13154299557209015,0.9102979898452759,0,0,0.4968239963054657,0,1
B23,mixamorig_RightHandThumb1,22,0.9497119784355164,-0.31311601400375366,0.002157999901100993,0,0.29987001419067383,0.9114770293235779,0.28158000111579895,0,-0.09013400226831436,-0.266772985458374,0.9595350027084351,0,0.08952900022268295,0.05150499939918518,0,1
B24,mixamorig_RightHandThumb2,23,0.990880012512207,0.13397400081157684,0.014386000111699104,0,-0.13473699986934662,0.9840850234031677,0.1158519983291626,0,0.0013640000252053142,-0.11673399806022644,0.9931619763374329,0,0.01981399953365326,0.08021900057792664,0,1
B25,mixamorig_RightHandThumb3,24,0.9377700090408325,-0.34557801485061646,-0.03411199897527695,0,0.3453879952430725,0.938389003276825,-0.011509000323712826,0,0.03598799929022789,-0.0009889999637380242,0.999351978302002,0,0.0024770000018179417,0.09086299687623978,0,1
B26,mixamorig_RightHandThumb4,25,1,0,0,0,0,1,0,0,0,0,1,0,-0.022290999069809914,0.06606300175189972,0,1
B27,mixamorig_RightHandIndex1,22,0.999675989151001,-0.013788999989628792,-0.021397000178694725,0,0.01571900025010109,0.9955620169639587,0.09278599917888641,0,0.02002199925482273,-0.09309200197458267,0.9954559803009033,0,0,0.11305999755859375,0.001303000026382506,1
B28,mixamorig_RightHandIndex2,27,0.9997730255126953,0.02127400040626526,0.0006280000088736415,0,-0.02055099979043007,0.9573240280151367,0.2882840037345886,0,0.0055320002138614655,-0.2882309854030609,0.9575449824333191,0,-0.00254100002348423,0.15283699333667755,0,1
B29,mixamorig_RightHandIndex3,28,0.9957559704780579,-0.09192600101232529,0.004379000049084425,0,0.09192600101232529,0.9957659840583801,0.00016799999866634607,0,-0.0043750000186264515,0.00023499999952036887,0.9999899864196777,0,0.006070000119507313,0.11340600252151489,0,1
B30,mixamorig_RightHandIndex4,29,1,0,0,0,0,1,0,0,0,0,1,0,-0.0035290000960230827,0.09126099944114685,0,1
B31,mixamorig_LeftUpLeg,0,-0.9640759825706482,-0.18907800316810608,0.18656699359416962,0,0.24734699726104736,-0.8950740098953247,0.37102800607681274,0,0.09683799743652344,0.40384599566459656,0.9096869826316833,0,0.1860329955816269,-0.11189699918031693,-0.003965000156313181,1
B32,mixamorig_LeftLeg,31,0.967415988445282,-0.15801000595092773,-0.1978359967470169,0,0.012861000373959541,0.8110250234603882,-0.5848699808120728,0,0.2528649866580963,0.5632680058479309,0.7866309881210327,0,0,0.6513429880142212,0,1
B33,mixamorig_LeftFoot,32,0.9827499985694885,-0.054648999124765396,0.17667900025844574,0,-0.1267320066690445,0.4967600107192993,0.858585000038147,0,-0.13468800485134125,-0.8661649823188782,0.48126599192619324,0,0,0.5067660212516785,0,1
B34,mixamorig_LeftToeBase,33,0.9992380142211914,-0.03556400164961815,-0.016110999509692192,0,0.0375789999961853,0.7641280293464661,0.6439689993858337,0,-0.010591000318527222,-0.6440839767456055,0.7648820281028748,0,0,0.3611550033092499,0,1
B35,mixamorig_LeftToe_End,34,1,0,0,0,0,1,0,0,0,0,1,0,0,0.13561299443244934,0,1
B36,mixamorig_RightUpLeg,0,-0.9335579872131348,0.27692198753356934,-0.22755999863147736,0,-0.26414400339126587,-0.960690975189209,-0.08544199913740158,0,-0.24227599799633026,-0.01965700089931488,0.9700080156326294,0,-0.1860329955816269,-0.11189699918031693,-0.0019519999623298645,1
B37,mixamorig_RightLeg,36,0.987758994102478,-0.043021999299526215,-0.14993999898433685,0,-0.048340000212192535,0.829475998878479,-0.5564470291137695,0,0.14831100404262543,0.5568839907646179,0.8172420263290405,0,0,0.6512380242347717,0,1
B38,mixamorig_RightFoot,37,0.9547190070152283,0.26829999685287476,-0.1285559982061386,0,0.06854899972677231,0.22210000455379486,0.9726110100746155,0,0.2895039916038513,-0.9373829960823059,0.1936510056257248,0,0,0.5072460174560547,0,1
B39,mixamorig_RightToeBase,38,0.999305009841919,0.00015700000221841037,-0.03727300092577934,0,0.023473000153899193,0.7741310000419617,0.6325899958610535,0,0.028953000903129578,-0.6330249905586243,0.773589015007019,0,0,0.35923901200294495,0,1
B40,mixamorig_RightToe_End,39,1,0,0,0,0,1,0,0,0,0,1,0,0,0.13514000177383423,0,1
@34,0,1,2,3,4,5,7,8,9,10,11,12,13,15,16,17,19,20,21,22,23,24,25,27,28,29,31,32,33,34,36,37,38,39
K0,0.730955183506012,0.004384904634207487,0.6824108958244324,0,0.04973790794610977,0.9969779849052429,-0.05968227609992027,0,-0.6806101202964783,0.0775667354464531,0.7285279035568237,0,0.0032500000670552254,1.393136978149414,-0.015641000121831894,1,0.9966610074043274,-0.015464603900909424,-0.08017107844352722,0,0.02174939401447773,0.996707022190094,0.0781216025352478,0,0.07869892567396164,-0.07960439473390579,0.9937149286270142,0,0,0.20184600353240967,-0.00443200021982193,1,0.9861840009689331,-0.01686674915254116,-0.1647920459508896,0,0.04963525012135506,0.9791830778121948,0.1968168467283249,0,0.15804193913936615,-0.20227713882923126,0.9664919376373291,0,0,0.23554399609565735,0,1,0.9861840009689331,-0.01686674915254116,-0.1647920459508896,0,0.04963525012135506,0.9791830778121948,0.1968168467283249,0,0.15804193913936615,-0.20227713882923126,0.9664919376373291,0,0,0.26919299364089966,0,1,0.9997439980506897,0.004706998355686665,0.022126026451587677,0,-0.003524002619087696,0.9985769987106323,-0.05320429429411888,0,-0.02234497480094433,0.0531127043068409,0.998337984085083,0,0,0.30284199118614197,0,1,0.9370600581169128,-0.04476407542824745,-0.34628698229789734,0,0.006216925568878651,0.9937299489974976,-0.11163506656885147,0,0.3491130471229553,0.10245592147111893,0.9314630031585693,0,0,0.3297629952430725,-0.0025820001028478146,1,-0.006464924663305283,0.026383964344859123,-0.9996309876441956,0,0.8918589353561401,-0.4519680440425873,-0.017697030678391457,0,-0.4522680342197418,-0.8916439414024353,-0.020608842372894287,0,0.10646799951791763,0.2636919915676117,-0.001724999980069697,1,0.9695589542388916,0.025093350559473038,0.24356940388679504,0,-0.1895216405391693,0.7067521810531616,0.6816028952598572,0,-0.15503957867622375,-0.707016110420227,0.6899939179420471,0,0,0.22705300152301788,0,1,0.6650552749633789,0.7394798398017883,-0.10426276922225952,0,-0.7392742037773132,0.6716737151145935,0.04825233295559883,0,0.10571223497390747,0.044988326728343964,0.9933789372444153,0,0,0.5402770042419434,0,1,0.8444700837135315,-0.09674578905105591,-0.5267929434776306,0,-0.09289178252220154,0.942190945148468,-0.321943074464798,0,0.5274860858917236,0.32080593705177307,0.7866650223731995,0,0,0.4967939853668213,0,1,0.8650739192962646,0.460903137922287,-0.19803191721439362,0,-0.3286358118057251,0.818950891494751,0.4704433083534241,0,0.3790070712566376,-0.3418877124786377,0.8599220514297485,0,-0.08185800164937973,0.04394900053739548,0,1,0.9938850402832031,0.11041980981826782,0.0007053188164718449,0,-0.11040020734071732,0.9937949776649475,-0.013518769294023514,0,-0.0021936811972409487,0.013358229771256447,0.9999079704284668,0,-0.009142999537289143,0.07376299798488617,0,1,0.992231011390686,0.12416228652000427,-0.007894770242273808,0,-0.12415870279073715,0.992262065410614,0.0009387487662024796,0,0.007950229570269585,0.00004874879232374951,0.9999679923057556,0,-0.0005629999795928597,0.09730099886655807,0,1,0.9871749877929688,0.15891265869140625,0.015242204070091248,0,-0.1594473421573639,0.9861810207366943,0.04499185457825661,0,-0.007881793193519115,-0.04684514179825783,0.9988710284233093,0,0,0.1151529997587204,0.0015910000074654818,1,0.9999950528144836,-0.003018235322088003,0.0013187297154217958,0,0.002534765051677823,0.960856020450592,0.27703699469566345,0,-0.0021032700315117836,-0.2770319879055023,0.9608579277992249,0,0.00355900009162724,0.14229199290275574,0,1,0.9989979863166809,0.044610414654016495,-0.003530137473717332,0,-0.044610586017370224,0.9990040063858032,0.000027754713300964795,0,0.003527863183990121,0.00012975471327081323,0.9999939799308777,0,-0.004298000130802393,0.11636000126600266,0,1,0.1611388921737671,-0.024486197158694267,0.9866281151771545,0,-0.8629530668258667,-0.48858922719955444,0.12881416082382202,0,0.4789011776447296,-0.8721699118614197,-0.09986117482185364,0,-0.10646799951791763,0.2636539936065674,0.000004999999873689376,1,0.9019831418991089,0.4161606431007385,-0.11505303531885147,0,-0.23989331722259521,0.7045780420303345,0.6678478121757507,0,0.3589959144592285,-0.5747871398925781,0.7353518009185791,0,0,0.22705300152301788,0,1,0.7414917945861816,-0.6643941402435303,-0.09364992380142212,0,0.6707558631896973,0.7374690175056458,0.0789092555642128,0,0.016637060791254044,-0.1213267371058464,0.9924730062484741,0,0,0.5401849746704102,0,1,0.901050865650177,-0.2535698115825653,0.3518672585487366,0,0.18453817069530487,0.9583310484886169,0.21805253624916077,0,-0.3924967050552368,-0.13154344260692596,0.9102980494499207,0,0,0.4968239963054657,0,1,0.9497120380401611,-0.3131158947944641,0.0021579081658273935,0,0.2998701333999634,0.9114769101142883,0.28158003091812134,0,-0.09013409167528152,-0.26677292585372925,0.9595350027084351,0,0.08952900022268295,0.05150499939918518,0,1,0.990880012512207,0.1339738517999649,0.014386053197085857,0,-0.13473711907863617,0.984084963798523,0.11585208028554916,0,0.0013640529941767454,-0.11673390865325928,0.9931619763374329,0,0.01981399953365326,0.08021900057792664,0,1,0.9377699494361877,-0.34557825326919556,-0.03411218896508217,0,0.3453877568244934,0.9383890628814697,-0.011509072966873646,0,0.03598780557513237,-0.0009890712099149823,0.999351978302002,0,0.0024770000018179417,0.09086299687623978,0,1,0.999675989151001,-0.013789395801723003,-0.021396711468696594,0,0.015718605369329453,0.9955620169639587,0.09278587996959686,0,0.020022287964820862,-0.09309212118387222,0.9954559803009033,0,0,0.11305999755859375,0.001303000026382506,1,0.9997730255126953,0.02127360925078392,0.0006278153159655631,0,-0.020551392808556557,0.9573240876197815,0.28828364610671997,0,0.005531814880669117,-0.28823134303092957,0.9575448036193848,0,-0.00254100002348423,0.15283699333667755,0,1,0.9957559704780579,-0.09192590415477753,0.004378543235361576,0,0.09192608296871185,0.9957659244537354,0.00016810785746201873,0,-0.004375456366688013,0.00023510787286795676,0.9999899864196777,0,0.006070000119507313,0.11340600252151489,0,1,-0.9640758037567139,-0.1890784651041031,0.18656706809997559,0,0.24734655022621155,-0.8950739502906799,0.3710280954837799,0,0.09683792293071747,0.4038459062576294,0.9096870422363281,0,0.1860329955816269,-0.11189699918031693,-0.003965000156313181,1,0.967415988445282,-0.15801003575325012,-0.19783583283424377,0,0.012860952876508236,0.811025083065033,-0.5848698616027832,0,0.25286513566970825,0.5632681250572205,0.7866308093070984,0,0,0.6513429880142212,0,1,0.9827499985694885,-0.05464929714798927,0.176678866147995,0,-0.12673230469226837,0.49676042795181274,0.8585847616195679,0,-0.134688138961792,-0.8661652207374573,0.4812655448913574,0,0,0.5067660212516785,0,1,0.9992380142211914,-0.03556392341852188,-0.016111113131046295,0,0.03757907822728157,0.7641279101371765,0.6439690589904785,0,-0.010591113939881325,-0.6440838575363159,0.7648821473121643,0,0,0.3611550033092499,0,1,-0.9335578680038452,0.2769222557544708,-0.2275601327419281,0,-0.2641437351703644,-0.960690975189209,-0.08544227480888367,0,-0.24227586388587952,-0.019656727090477943,0.9700080752372742,0,-0.1860329955816269,-0.11189699918031693,-0.0019519999623298645,1,0.987758994102478,-0.04302186146378517,-0.14994002878665924,0,-0.04833986237645149,0.8294757604598999,-0.5564473271369934,0,0.14831095933914185,0.5568837523460388,0.8172422051429749,0,0,0.6512380242347717,0,1,0.9547189474105835,0.26830029487609863,-0.12855581939220428,0,0.06854932755231857,0.22209981083869934,0.9726110696792603,0,0.28950420022010803,-0.9373829960823059,0.19365118443965912,0,0,0.5072460174560547,0,1,0.999305009841919,0.00015706293925177306,-0.037272702902555466,0,0.023473063483834267,0.7741310000419617,0.6325899362564087,0,0.028953300788998604,-0.6330249905586243,0.773589015007019,0,0,0.35923901200294495,0,1
K0.033,0.7306537628173828,0.0043780929408967495,0.6827342510223389,0,0.04999009147286415,0.9969519972801208,-0.05989181995391846,0,-0.6809158325195312,0.07789016515016556,0.7282082438468933,0,0.00343500217422843,1.3932629823684692,-0.015796002000570297,1,0.9966610074043274,-0.015451010316610336,-0.08017397671937943,0,0.021731991320848465,0.9967110753059387,0.07807066291570663,0,0.07870402932167053,-0.07955233752727509,0.9937189221382141,0,0,0.20184600353240967,-0.00443200021982193,1,0.9861840009689331,-0.016853688284754753,-0.16479219496250153,0,0.0496063157916069,0.979203999042511,0.19671902060508728,0,0.15804985165596008,-0.2021760195493698,0.9665120840072632,0,0,0.23554399609565735,0,1,0.9861840009689331,-0.016853688284754753,-0.16479219496250153,0,0.0496063157916069,0.979203999042511,0.19671902060508728,0,0.15804985165596008,-0.2021760195493698,0.9665120840072632,0,0,0.26919299364089966,0,1,0.9997450113296509,0.004630017094314098,0.022124135866761208,0,-0.0034609779249876738,0.9986100196838379,-0.05258898809552193,0,-0.022336862981319427,0.05249898508191109,0.9983710050582886,0,0,0.30284199118614197,0,1,0.9372029304504395,-0.044468965381383896,-0.34593918919563293,0,0.006171026267111301,0.993798017501831,-0.11103010922670364,0,0.34873083233833313,0.10192286223173141,0.9316640496253967,0,0,0.3297629952430725,-0.0025820001028478146,1,-0.0060971807688474655,0.02645697258412838,-0.9996309280395508,0,0.8918818831443787,-0.4519330561161041,-0.01740122027695179,0,-0.45222678780555725,-0.8916590809822083,-0.020840900018811226,0,0.10646799951791763,0.2636919915676117,-0.001724999980069697,1,0.9695701599121094,0.025312134996056557,0.24350248277187347,0,-0.1895848661661148,0.7069341540336609,0.6813969016075134,0,-0.15489253401756287,-0.7068261504173279,0.6902207136154175,0,0,0.22705300152301788,0,1,0.6648816466331482,0.7396453619003296,-0.10420013219118118,0,-0.7394376397132874,0.6714933514595032,0.04825718328356743,0,0.10566287487745285,0.044964179396629333,0.9933850169181824,0,0,0.5402770042419434,0,1,0.844636082649231,-0.09664086997509003,-0.5265449285507202,0,-0.09272386133670807,0.9422950148582458,-0.32168594002723694,0,0.5272489786148071,0.3205310106277466,0.7869359254837036,0,0,0.4967939853668213,0,1,0.8651410341262817,0.4602218568325043,-0.1993158608675003,0,-0.3268890976905823,0.8188458681106567,0.47184208035469055,0,0.3803611695766449,-0.3430559039115906,0.8588590025901794,0,-0.08185800164937973,0.04394900053739548,0,1,0.9938849806785583,0.11042029410600662,0.0007048156694509089,0,-0.1104007139801979,0.9937950372695923,-0.013518741354346275,0,-0.002193184569478035,0.013358255848288536,0.9999079704284668,0,-0.009142999537289143,0.07376299798488617,0,1,0.992231011390686,0.12416229397058487,-0.00789473857730627,0,-0.12415870279073715,0.992262065410614,0.0009392487700097263,0,0.007950260303914547,0.0000482487739645876,0.9999679923057556,0,-0.0005629999795928597,0.09730099886655807,0,1,0.9871219992637634,0.15923599898815155,0.015290004201233387,0,-0.1597830057144165,0.9860640168190002,0.04633330553770065,0,-0.007698995526880026,-0.04817971959710121,0.9988090395927429,0,0,0.1151529997587204,0.0015910000074654818,1,0.9999949932098389,-0.0030037860851734877,0.0013206928269937634,0,0.0025202103424817324,0.960839033126831,0.27709484100341797,0,-0.0021013072691857815,-0.2770901620388031,0.9608420133590698,0,0.00355900009162724,0.14229199290275574,0,1,0.9989979863166809,0.0446099191904068,-0.0035301486495882273,0,-0.04461008682847023,0.9990040063858032,0.00002725383819779381,0,0.0035278520081192255,0.0001302538439631462,0.9999939799308777,0,-0.004298000130802393,0.11636000126600266,0,1,0.16080279648303986,-0.024517089128494263,0.9866820573806763,0,-0.8633379340171814,-0.48797234892845154,0.1285759061574936,0,0.47832104563713074,-0.8725151419639587,-0.09963389486074448,0,-0.10646799951791763,0.2636539936065674,0.000004999999873689376,1,0.9022361040115356,0.4156617820262909,-0.11486577987670898,0,-0.23955920338630676,0.7045769691467285,0.6679689884185791,0,0.35858121514320374,-0.5751489996910095,0.7352709174156189,0,0,0.22705300152301788,0,1,0.7413849234580994,-0.6645860075950623,-0.09313001483678818,0,0.670894980430603,0.7372649908065796,0.07962483912706375,0,0.01574394851922989,-0.12151316553354263,0.9924649596214294,0,0,0.5401849746704102,0,1,0.901293933391571,-0.2530517578125,0.3516162633895874,0,0.18434622883796692,0.9585369229316711,0.2173088639974594,0,-0.39202776551246643,-0.13104009628295898,0.9105731248855591,0,0,0.4968239963054657,0,1,0.9505009651184082,-0.31072211265563965,0.0008320603519678116,0,0.2980218231678009,0.9124020338058472,0.2805459797382355,0,-0.08793092519044876,-0.2664110064506531,0.9598399996757507,0,0.08952900022268295,0.05150499939918518,0,1,0.990943968296051,0.13342726230621338,0.015056665986776352,0,-0.1342717707157135,0.9840050339698792,0.11707130819559097,0,0.0008046673610806465,-0.11803274601697922,0.9930090308189392,0,0.01981399953365326,0.08021900057792664,0,1,0.9377699494361877,-0.34557825326919556,-0.03411218896508217,0,0.3453877568244934,0.9383890628814697,-0.011509072966873646,0,0.03598780557513237,-0.0009890712099149823,0.999351978302002,0,0.0024770000018179417,0.09086299687623978,0,1,0.999675989151001,-0.013778207823634148,-0.021394044160842896,0,0.015678783878684044,0.9956929683685303,0.0913730263710022,0,0.02004295401275158,-0.0916789099574089,0.9955869913101196,0,0,0.11305999755859375,0.001303000026382506,1,0.999770998954773,0.021396460011601448,0.0006281647947616875,0,-0.020672544836997986,0.957499086856842,0.28769397735595703,0,0.005554164759814739,-0.2876410484313965,0.957722008228302,0,-0.00254100002348423,0.15283699333667755,0,1,0.9957559704780579,-0.09192590415477753,0.004379043355584145,0,0.09192608296871185,0.9957659244537354,0.00016813089314382523,0,-0.004375956486910582,0.00023513089399784803,0.9999899864196777,0,0.006070000119507313,0.11340600252151489,0,1,-0.9640620350837708,-0.18915508687496185,0.18655969202518463,0,0.2473469078540802,-0.8953370451927185,0.37039196491241455,0,0.09697233140468597,0.40322601795196533,0.9099478721618652,0,0.1860329955816269,-0.11189699918031693,-0.003965000156313181,1,0.9674739837646484,-0.15761305391788483,-0.19787108898162842,0,0.012741943821310997,0.8115540146827698,-0.5841379165649414,0,0.2526509165763855,0.5626171231269836,0.7871659398078918,0,0,0.6513429880142212,0,1,0.9827490448951721,-0.05482499673962593,0.17662867903709412,0,-0.1265220046043396,0.49728190898895264,0.8583139777183533,0,-0.1348913609981537,-0.8658549785614014,0.481766939163208,0,0,0.5067660212516785,0,1,0.9992390275001526,-0.03541494533419609,-0.016331076622009277,0,0.0376090444624424,0.7642647624015808,0.6438052654266357,0,-0.010319064371287823,-0.643929660320282,0.7650152444839478,0,0,0.3611550033092499,0,1,-0.9335359334945679,0.2770470678806305,-0.2274986356496811,0,-0.2642458975315094,-0.9606528878211975,-0.08555236458778381,0,-0.24224933981895447,-0.01975063793361187,0.9700129628181458,0,-0.1860329955816269,-0.11189699918031693,-0.0019519999623298645,1,0.9878090620040894,-0.042706072330474854,-0.14969885349273682,0,-0.04841507598757744,0.829663872718811,-0.5561601519584656,0,0.1479511857032776,0.5566278100013733,0.817482054233551,0,0,0.6512380242347717,0,1,0.9548160433769226,0.26792362332344055,-0.1286182701587677,0,0.06857159733772278,0.22249102592468262,0.9725199937820435,0,0.28917771577835083,-0.9373979568481445,0.19406621158123016,0,0,0.5072460174560547,0,1,0.999305009841919,0.00015705282567068934,-0.03727268800139427,0,0.02347305230796337,0.774131178855896,0.6325896978378296,0,0.02895331382751465,-0.6330252885818481,0.7735897898674011,0,0,0.35923901200294495,0,1
K0.067,0.7304390072822571,0.0043740104883909225,0.682964026927948,0,0.05020600184798241,0.9969300031661987,-0.060080770403146744,0,-0.681130051612854,0.07817423343658447,0.7279769778251648,0,0.0036359981168061495,1.393394947052002,-0.015890000388026237,1,0.9966610074043274,-0.015426071360707283,-0.08017781376838684,0,0.021698929369449615,0.996720016002655,0.07796426117420197,0,0.07871217280626297,-0.07944373041391373,0.9937269687652588,0,0,0.20184600353240967,-0.00443200021982193,1,0.9861850738525391,-0.016818618401885033,-0.1647908240556717,0,0.049537383019924164,0.9792489409446716,0.19651223719120026,0,0.15806621313095093,-0.20196077227592468,0.9665540456771851,0,0,0.23554399609565735,0,1,0.9861850738525391,-0.016818618401885033,-0.1647908240556717,0,0.049537383019924164,0.9792489409446716,0.19651223719120026,0,0.15806621313095093,-0.20196077227592468,0.9665540456771851,0,0,0.26919299364089966,0,1,0.9997450709342957,0.0043966700322926044,0.022131556645035744,0,-0.0032523353584110737,0.9986690282821655,-0.05147905647754669,0,-0.022328441962599754,0.05139396712183952,0.9984289407730103,0,0,0.30284199118614197,0,1,0.937379002571106,-0.04362234100699425,-0.34556904435157776,0,0.005806668195873499,0.9939460158348083,-0.10971818119287491,0,0.3482629954814911,0.10084085911512375,0.9319570064544678,0,0,0.3297629952430725,-0.0025820001028478146,1,-0.0060800909996032715,0.026529764756560326,-0.9996300935745239,0,0.892157256603241,-0.45138972997665405,-0.017406044527888298,0,-0.45168396830558777,-0.8919320702552795,-0.020924296230077744,0,0.10646799951791763,0.2636919915676117,-0.001724999980069697,1,0.9695870280265808,0.025566330179572105,0.24340711534023285,0,-0.18973566591739655,0.7067370414733887,0.6815600395202637,0,-0.1545998752117157,-0.7070149183273315,0.6900940537452698,0,0,0.22705300152301788,0,1,0.6647332310676575,0.7398117780685425,-0.10396378487348557,0,-0.7396041750907898,0.6713158488273621,0.04816991090774536,0,0.10542920976877213,0.04487190768122673,0.9934139251708984,0,0,0.5402770042419434,0,1,0.8447681069374084,-0.096506766974926,-0.526357889175415,0,-0.09221979230642319,0.942634105682373,-0.3208366632461548,0,0.5271260738372803,0.3195733428001404,0.7874077558517456,0,0,0.4967939853668213,0,1,0.8652960062026978,0.45958203077316284,-0.20012107491493225,0,-0.32561492919921875,0.8188808560371399,0.47266215085983276,0,0.3811018764972687,-0.34382984042167664,0.858220100402832,0,-0.08185800164937973,0.04394900053739548,0,1,0.9938910007476807,0.11036012321710587,0.0007252311334013939,0,-0.11034087836742401,0.9938050508499146,-0.013293118216097355,0,-0.0021877684630453587,0.013131886720657349,0.9999110102653503,0,-0.009142999537289143,0.07376299798488617,0,1,0.992231011390686,0.12416229397058487,-0.00789473857730627,0,-0.12415870279073715,0.992262065410614,0.0009392487700097263,0,0.007950260303914547,0.0000482487739645876,0.9999679923057556,0,-0.0005629999795928597,0.09730099886655807,0,1,0.987075924873352,0.15951642394065857,0.015335907228291035,0,-0.16007256507873535,0.9859731197357178,0.04726599156856537,0,-0.007581094279885292,-0.04910999909043312,0.9987649917602539,0,0,0.1151529997587204,0.0015910000074654818,1,0.9999949932098389,-0.00281909154728055,0.0013433448038995266,0,0.002334912307560444,0.9606310725212097,0.2778187394142151,0,-0.0020736553706228733,-0.27781423926353455,0.9606329798698425,0,0.00355900009162724,0.14229199290275574,0,1,0.9989979863166809,0.044610414654016495,-0.0035301486495882273,0,-0.044610586017370224,0.9990040063858032,0.000027254711312707514,0,0.0035278520081192255,0.0001302547170780599,0.9999939799308777,0,-0.004298000130802393,0.11636000126600266,0,1,0.1602087765932083,-0.024584753438830376,0.986777126789093,0,-0.8640652298927307,-0.4867928624153137,0.1281578242778778,0,0.477204829454422,-0.8731710910797119,-0.09923131763935089,0,-0.10646799951791763,0.2636539936065674,0.000004999999873689376,1,0.9026540517807007,0.4149048626422882,-0.11432068794965744,0,-0.23909014463424683,0.7043250203132629,0.6684020161628723,0,0.3578422963619232,-0.5760030746459961,0.7349618077278137,0,0,0.22705300152301788,0,1,0.7413339018821716,-0.6647841334342957,-0.09211685508489609,0,0.6709908843040466,0.73701012134552,0.08115402609109879,0,0.013941165059804916,-0.1219719648361206,0.9924359917640686,0,0,0.5401849746704102,0,1,0.9018588662147522,-0.25187230110168457,0.3510151505470276,0,0.18385174870491028,0.9589830636978149,0.21575407683849335,0,-0.39095985889434814,-0.13004493713378906,0.9111740589141846,0,0,0.4968239963054657,0,1,0.9508658647537231,-0.30960431694984436,0.0002650386013556272,0,0.2971256673336029,0.9127811193466187,0.2802610695362091,0,-0.08701197803020477,-0.2664119601249695,0.9599239826202393,0,0.08952900022268295,0.05150499939918518,0,1,0.9908360242843628,0.13422802090644836,0.015085218474268913,0,-0.13506893813610077,0.9837391376495361,0.11838164925575256,0,0.0010502166114747524,-0.11933431774377823,0.9928539395332336,0,0.01981399953365326,0.08021900057792664,0,1,0.9377699494361877,-0.34557825326919556,-0.03411218896508217,0,0.3453877568244934,0.9383890628814697,-0.011509072966873646,0,0.03598780557513237,-0.0009890712099149823,0.999351978302002,0,0.0024770000018179417,0.09086299687623978,0,1,0.9996829628944397,-0.013489150442183018,-0.021277163177728653,0,0.015338853932917118,0.9958850145339966,0.08931400626897812,0,0.019984833896160126,-0.08961203694343567,0.9957759976387024,0,0,0.11305999755859375,0.001303000026382506,1,0.9997659921646118,0.021603217348456383,0.0006548860110342503,0,-0.020881779491901398,0.9576759338378906,0.287089079618454,0,0.005574885290116072,-0.28703588247299194,0.9579039812088013,0,-0.00254100002348423,0.15283699333667755,0,1,0.9957559704780579,-0.09192590415477753,0.004379043355584145,0,0.09192608296871185,0.9957659244537354,0.00016813089314382523,0,-0.004375956486910582,0.00023513089399784803,0.9999899864196777,0,0.006070000119507313,0.11340600252151489,0,1,-0.9640769958496094,-0.18910999596118927,0.18652917444705963,0,0.2472359985113144,-0.8955880999565125,0.36986103653907776,0,0.09710882604122162,0.4026910066604614,0.9101700186729431,0,0.1860329955816269,-0.11189699918031693,-0.003965000156313181,1,0.9675560593605042,-0.1571660190820694,-0.1978258639574051,0,0.012594988569617271,0.8120070695877075,-0.5835108757019043,0,0.25234413146972656,0.5620880126953125,0.7876420021057129,0,0,0.6513429880142212,0,1,0.9827520251274109,-0.05492967739701271,0.17658329010009766,0,-0.12636467814445496,0.49771004915237427,0.8580890893936157,0,-0.13502171635627747,-0.8656020164489746,0.4821840226650238,0,0,0.5067660212516785,0,1,0.999243974685669,-0.035028938204050064,-0.01685177907347679,0,0.03765105456113815,0.7643969655036926,0.6436460018157959,0,-0.009664788842201233,-0.6437939405441284,0.7651380300521851,0,0,0.3611550033092499,0,1,-0.9335200786590576,0.2771998345851898,-0.22737695276737213,0,-0.2643531560897827,-0.9606049656867981,-0.08576316386461258,0,-0.2421930581331253,-0.019953826442360878,0.970022976398468,0,-0.1860329955816269,-0.11189699918031693,-0.0019519999623298645,1,0.9878420233726501,-0.042387839406728745,-0.1495680958032608,0,-0.04852883517742157,0.829949140548706,-0.5557239055633545,0,0.14768990874290466,0.5562260746955872,0.8178019523620605,0,0,0.6512380242347717,0,1,0.9548879861831665,0.267612099647522,-0.12873610854148865,0,0.06861208379268646,0.2229623794555664,0.9724099636077881,0,0.28893184661865234,-0.9373750686645508,0.19454258680343628,0,0,0.5072460174560547,0,1,0.999305009841919,0.00015606402303092182,-0.03727306053042412,0,0.023474061861634254,0.7741310000419617,0.6325899362564087,0,0.0289529450237751,-0.6330249905586243,0.773589015007019,0,0,0.35923901200294495,0,1
