1.133,30,34,33
B0,mixamorig_Hips,-1,0.7674600481987,0.022484784945845604,0.6407029628753662,0,0.12809781730175018,0.9738540649414062,-0.18761712312698364,0,-0.6281690001487732,0.22606101632118225,0.7445129156112671,0,0.01042299997061491,1.460716962814331,-0.010727999731898308,1
B1,mixamorig_Spine,0,0.9999979734420776,-0.0010739980498328805,0.0018317995127290487,0,0.0008469780441373587,0.992807924747467,0.11971694231033325,0,-0.0019471992272883654,-0.11971504241228104,0.9928060173988342,0,0,0.19745400547981262,-0.003845999948680401,1
B2,mixamorig_Spine1,1,0.9999129772186279,-0.013051701709628105,-0.001905876211822033,0,0.013058319687843323,0.9591578841209412,0.2825683057308197,0,-0.0018599610775709152,-0.28256866335868835,0.9592451453208923,0,0,0.2304069995880127,0,1
B3,mixamorig_Spine2,2,0.9999150037765503,-0.012992925010621548,-0.0006500665913335979,0,0.012647053226828575,0.9591588973999023,0.2825843095779419,0,-0.0030480807181447744,-0.28256863355636597,0.9592421054840088,0,0,0.26332199573516846,0,1
B4,mixamorig_Neck,3,0.9913820028305054,0.017982736229896545,-0.1297610104084015,0,-0.01449325866997242,0.9995089173316956,0.027786076068878174,0,0.13019698858261108,-0.02566596120595932,0.9911560416221619,0,0,0.2962369918823242,0,1
B5,mixamorig_Head,4,0.9098689556121826,0.16061989963054657,-0.38254407048225403,0,-0.19145707786083221,0.9805290699005127,-0.043676964938640594,0,0.36807990074157715,0.11298099160194397,0.9229040145874023,0,0,0.3026590049266815,-0.002085000043734908,1
B6,mixamorig_HeadTop_End,5,1,0,0,0,0,1,0,0,0,0,1,0,0,0.9777510166168213,-0.0067349998280406,1
B7,mixamorig_LeftShoulder,3,0.073838971555233,-0.6087300777435303,-0.7899340391159058,0,0.950330913066864,-0.19720003008842468,0.24079611897468567,0,-0.3023548722267151,-0.7684789896011353,0.5639340281486511,0,0.10627900063991547,0.25572600960731506,-0.00120900000911206,1
B8,mixamorig_LeftArm,7,0.7473897933959961,0.3159879744052887,0.5844323039054871,0,-0.6208639144897461,0.6453218460083008,0.4450702965259552,0,-0.2365100085735321,-0.6954936981201172,0.6784923076629639,0,0,0.22519800066947937,0,1
B9,mixamorig_LeftForeArm,8,0.4254549443721771,0.9048359990119934,0.01608296111226082,0,-0.9048629403114319,0.4250481128692627,0.023600984364748,0,0.014518997631967068,-0.02459404431283474,0.9995920062065125,0,0,0.49489501118659973,0,1
B10,mixamorig_LeftHand,9,-0.38790690898895264,-0.1356208175420761,0.9116660356521606,0,0.46329793334007263,0.8263859152793884,0.32006415724754333,0,-0.7967950701713562,0.5465279221534729,-0.25772789120674133,0,0,0.4827040135860443,0,1
B11,mixamorig_LeftHandIndex1,10,0.1026955246925354,0.5897203087806702,-0.8010517954826355,0,0.06685908883810043,0.7993961572647095,0.5970728397369385,0,0.9924629330635071,-0.1148742064833641,0.04266620799899101,0,0,0.14986500144004822,0,1
B12,mixamorig_LeftHandIndex2,11,0.6813121438026428,0.7316479086875916,0.02245875634253025,0,-0.6639542579650879,0.6047759652137756,0.4397847652435303,0,0.30818507075309753,-0.3145422637462616,0.8978219032287598,0,0,0.11320800334215164,0,1
B13,mixamorig_LeftHandIndex3,12,0.8541799783706665,0.5001100301742554,-0.14235594868659973,0,-0.48939386010169983,0.8657320737838745,0.10488415509462357,0,0.17569594085216522,-0.019921839237213135,0.9842430353164673,0,-0.0354899987578392,0.15385699272155762,-0.04596199840307236,1
B14,mixamorig_LeftHandIndex4,13,1,0,0,0,0,1,0,0,0,0,1,0,-0.009127000346779823,0.09731300175189972,-0.02954999916255474,1
B15,mixamorig_RightShoulder,3,-0.14901001751422882,0.651595950126648,0.7437869906425476,0,-0.9766618609428406,-0.21464617550373077,-0.007622957229614258,0,0.1546839028596878,-0.7275638580322266,0.6683730483055115,0,-0.10627900063991547,0.25571000576019287,-0.0003699999942909926,1
B16,mixamorig_RightArm,15,0.38165196776390076,-0.919804036617279,-0.09111303836107254,0,0.5895071625709534,0.16630220413208008,0.7904588580131531,0,-0.711915135383606,-0.35539209842681885,0.6057007908821106,0,0,0.22519800066947937,0,1
B17,mixamorig_RightForeArm,16,-0.1461939662694931,-0.9888800382614136,-0.027280278503894806,0,0.9889010787010193,-0.14682427048683167,0.02273518592119217,0,-0.026487771421670914,-0.023653747513890266,0.9993690252304077,0,0,0.49488699436187744,0,1
B18,mixamorig_RightHand,17,0.5940069556236267,0.2912982702255249,-0.7498680353164673,0,-0.5426598191261292,0.8332130312919617,-0.1061922162771225,0,0.5938660502433777,0.4700019955635071,0.6530099511146545,0,0,0.48256999254226685,0,1
B19,mixamorig_RightHandIndex1,18,0.9985070824623108,-0.019431116059422493,-0.0510428212583065,0,0.029993928968906403,0.9761189818382263,0.21515406668186188,0,0.04564320668578148,-0.21636395156383514,0.9752449989318848,0,0,1.4190930128097534,0,1
B20,mixamorig_RightHandIndex2,19,0.9871319532394409,-0.1565190702676773,-0.03274326026439667,0,0.15199494361877441,0.9820200800895691,-0.11195572465658188,0,0.0496777668595314,0.10553830862045288,0.9931739568710327,0,0,0.026141000911593437,0,1
B21,mixamorig_RightHandIndex3,20,0.8861008882522583,0.18510809540748596,0.42492321133613586,0,-0.0464971587061882,-0.8766597509384155,0.4788582921028137,0,0.4611538052558899,-0.44407469034194946,-0.7682023048400879,0,-0.004257999826222658,0.014883000403642654,0.012281999923288822,1
B22,mixamorig_RightHandIndex4,21,1,0,0,0,0,1,0,0,0,0,1,0,0.0010300000431016088,0.0005709999823011458,-0.0035719999577850103,1
B23,mixamorig_LeftUpLeg,0,-0.6504241228103638,-0.2339758425951004,0.722635805606842,0,0.29129427671432495,-0.9554688334465027,-0.04717700183391571,0,0.7014951705932617,0.17981483042240143,0.6896167397499084,0,0.18553799390792847,-0.11121299862861633,-0.000691999972332269,1
B24,mixamorig_LeftLeg,23,0.9996010065078735,-0.024093743413686752,0.014766163192689419,0,0.027883177623152733,0.9258429408073425,-0.3768773376941681,0,-0.004590761847794056,0.3771386444568634,0.9261451363563538,0,0,0.6596289873123169,0,1
B25,mixamorig_LeftFoot,24,0.9864999651908875,0.0565449483692646,0.15368740260601044,0,-0.15819968283176422,0.5715356469154358,0.8051832914352417,0,-0.04230878874659538,-0.8186267614364624,0.5727654099464417,0,0,0.5354740023612976,0,1
B26,mixamorig_LeftToeBase,25,0.9998300671577454,-0.00004015021477243863,0.018461909145116806,0,-0.010781175456941128,0.8105059266090393,0.5856320261955261,0,-0.014986985363066196,-0.5857309699058533,0.8103669881820679,0,0,0.3407210111618042,0,1
B27,mixamorig_LeftToe_End,26,1,0,0,0,0,1,0,0,0,0,1,0,0,0.13715599477291107,0,1
B28,mixamorig_RightUpLeg,0,-0.9890188574790955,0.09638117253780365,0.11203504353761673,0,-0.11300680786371231,-0.9817389845848083,-0.15302987396717072,0,0.09523995220661163,-0.16401013731956482,0.9818500280380249,0,-0.18553799390792847,-0.11121299862861633,0.00042600001324899495,1
B29,mixamorig_RightLeg,28,0.9992930293083191,0.032526686787605286,-0.018833443522453308,0,-0.037585046142339706,0.8677268624305725,-0.49561816453933716,0,0.00022146833362057805,0.4959757626056671,0.8683360815048218,0,0,0.6592029929161072,0,1
B30,mixamorig_RightFoot,29,0.9052439332008362,0.1364584118127823,-0.4023829996585846,0,0.3597261309623718,0.2578498125076294,0.8967220187187195,0,0.22611968219280243,-0.9564999938011169,0.18432936072349548,0,0,0.5348349809646606,0,1
B31,mixamorig_RightToeBase,30,0.9999480247497559,-0.0000013156808336134418,-0.010172935202717781,0,0.006071784999221563,0.8024251461029053,0.5967219471931458,0,0.00816223956644535,-0.5967531204223633,0.8023839592933655,0,0,0.3331809937953949,0,1
B32,mixamorig_RightToe_End,31,1,0,0,0,0,1,0,0,0,0,1,0,0,0.13629299402236938,0,1
@28,0,1,2,3,4,5,7,8,9,10,11,12,13,15,16,17,18,19,20,21,23,24,25,26,28,29,30,31
K0,0.7674600481987,0.02248477190732956,0.6407029628753662,0,0.1280977725982666,0.9738540649414062,-0.18761704862117767,0,-0.6281690001487732,0.22606094181537628,0.7445129156112671,0,0.01042299997061491,1.460716962814331,-0.010727999731898308,1,0.9999979734420776,-0.0010740100406110287,0.0018317995127290487,0,0.0008469899767078459,0.992807924747467,0.11971694976091385,0,-0.0019472006242722273,-0.11971504986286163,0.9928060173988342,0,0,0.19745400547981262,-0.003845999948680401,1,0.9999129772186279,-0.013051684945821762,-0.001905917190015316,0,0.01305831503123045,0.9591578841209412,0.2825683057308197,0,-0.0018599171889945865,-0.28256866335868835,0.9592451453208923,0,0,0.2304069995880127,0,1,0.9999150037765503,-0.012992935255169868,-0.0006500755553133786,0,0.012647065334022045,0.9591588973999023,0.2825843393802643,0,-0.0030480753630399704,-0.28256866335868835,0.9592421054840088,0,0,0.26332199573516846,0,1,0.9913820028305054,0.017982736229896545,-0.1297610104084015,0,-0.014493261463940144,0.9995089173316956,0.02778605744242668,0,0.13019698858261108,-0.025665942579507828,0.9911560416221619,0,0,0.2962369918823242,0,1,0.9098689556121826,0.16061991453170776,-0.3825441002845764,0,-0.1914570927619934,0.9805290699005127,-0.04367698356509209,0,0.36807990074157715,0.11298101395368576,0.9229040145874023,0,0,0.3026590049266815,-0.002085000043734908,1,0.07383901625871658,-0.608730137348175,-0.7899339199066162,0,0.9503308534622192,-0.19719992578029633,0.24079611897468567,0,-0.3023548722267151,-0.7684788107872009,0.5639342069625854,0,0.10627900063991547,0.25572600960731506,-0.00120900000911206,1,0.7473898530006409,0.31598803400993347,0.5844321846961975,0,-0.6208639144897461,0.6453218460083008,0.4450702667236328,0,-0.23650985956192017,-0.6954936385154724,0.6784923672676086,0,0,0.22519800066947937,0,1,0.4254549443721771,0.9048359990119934,0.016082970425486565,0,-0.9048629403114319,0.4250481128692627,0.023600958287715912,0,0.01451896969228983,-0.02459404245018959,0.9995920062065125,0,0,0.49489501118659973,0,1,-0.38790687918663025,-0.1356208175420761,0.9116660356521606,0,0.4632982015609741,0.8263857364654541,0.3200642168521881,0,-0.7967949509620667,0.546528160572052,-0.2577277421951294,0,0,0.4827040135860443,0,1,0.10269545018672943,0.5897201895713806,-0.8010520339012146,0,0.06685920804738998,0.7993962168693542,0.5970726609230042,0,0.9924629926681519,-0.11487431079149246,0.04266608506441116,0,0,0.14986500144004822,0,1,0.6813122034072876,0.7316479086875916,0.02245888113975525,0,-0.6639542579650879,0.6047759652137756,0.4397847056388855,0,0.3081849217414856,-0.31454235315322876,0.8978219628334045,0,0,0.11320800334215164,0,1,0.8541799187660217,0.5001100897789001,-0.1423560082912445,0,-0.4893939197063446,0.8657320141792297,0.10488416999578476,0,0.17569600045681,-0.019921818748116493,0.9842429757118225,0,-0.0354899987578392,0.15385699272155762,-0.04596199840307236,1,-0.14900992810726166,0.6515961289405823,0.7437868714332581,0,-0.9766618609428406,-0.2146461009979248,-0.007622860372066498,0,0.1546838879585266,-0.727563738822937,0.6683732271194458,0,-0.10627900063991547,0.25571000576019287,-0.0003699999942909926,1,0.3816521167755127,-0.9198039174079895,-0.09111303836107254,0,0.5895071029663086,0.16630232334136963,0.7904587984085083,0,-0.7119150757789612,-0.3553921580314636,0.6057008504867554,0,0,0.22519800066947937,0,1,-0.14619377255439758,-0.9888799786567688,-0.027280062437057495,0,0.9889009594917297,-0.14682409167289734,0.022735515609383583,0,-0.026488065719604492,-0.023653484880924225,0.9993690252304077,0,0,0.49488699436187744,0,1,0.5940070152282715,0.29129835963249207,-0.7498679757118225,0,-0.5426597595214844,0.8332130908966064,-0.10619213432073593,0,0.5938660502433777,0.47000187635421753,0.6530100703239441,0,0,0.48256999254226685,0,1,0.9985070824623108,-0.019431093707680702,-0.05104281008243561,0,0.029993906617164612,0.9761189818382263,0.21515408158302307,0,0.04564319923520088,-0.21636396646499634,0.9752449989318848,0,0,1.4190930128097534,0,1,0.9871319532394409,-0.1565190553665161,-0.032743245363235474,0,0.15199494361877441,0.9820200800895691,-0.11195570230484009,0,0.04967775195837021,0.10553829371929169,0.9931739568710327,0,0,0.026141000911593437,0,1,0.8861008882522583,0.18510814011096954,0.4249231815338135,0,-0.046497125178575516,-0.8766597509384155,0.4788583219051361,0,0.4611538350582123,-0.4440746605396271,-0.7682023048400879,0,-0.004257999826222658,0.014883000403642654,0.012281999923288822,1,-0.6504243612289429,-0.23397576808929443,0.722635805606842,0,0.29129427671432495,-0.955469012260437,-0.04717688634991646,0,0.7014951705932617,0.1798148900270462,0.6896167993545532,0,0.18553799390792847,-0.11121299862861633,-0.000691999972332269,1,0.9996010065078735,-0.02409377694129944,0.01476620975881815,0,0.027883226051926613,0.9258428812026978,-0.3768773674964905,0,-0.004590790718793869,0.3771386742591858,0.9261451363563538,0,0,0.6596289873123169,0,1,0.9864999055862427,0.056545183062553406,0.15368738770484924,0,-0.15819980204105377,0.5715356469154358,0.8051832318305969,0,-0.04230860248208046,-0.8186267018318176,0.5727654695510864,0,0,0.5354740023612976,0,1,0.9998300671577454,-0.000040179817005991936,0.018461957573890686,0,-0.010781180113554,0.8105059266090393,0.5856320261955261,0,-0.014987043105065823,-0.5857309699058533,0.8103669881820679,0,0,0.3407210111618042,0,1,-0.9890188574790955,0.09638118743896484,0.11203503608703613,0,-0.11300681531429291,-0.9817389845848083,-0.15302985906600952,0,0.09523994475603104,-0.16401012241840363,0.9818500280380249,0,-0.18553799390792847,-0.11121299862861633,0.00042600001324899495,1,0.9992930293083191,0.032526809722185135,-0.018833523616194725,0,-0.037585191428661346,0.8677268028259277,-0.49561822414398193,0,0.00022147598792798817,0.4959758222103119,0.8683360815048218,0,0,0.6592029929161072,0,1,0.9052437543869019,0.13645844161510468,-0.4023832678794861,0,0.3597264587879181,0.25784963369369507,0.8967219591140747,0,0.22611971199512482,-0.9565000534057617,0.18432912230491638,0,0,0.5348349809646606,0,1,0.9999480247497559,-0.0000012941934528498678,-0.010172831825911999,0,0.006071705836802721,0.8024251461029053,0.5967219471931458,0,0.00816216878592968,-0.5967531204223633,0.8023839592933655,0,0,0.3331809937953949,0,1
K0.033,0.7674319744110107,0.02245117351412773,0.640736997127533,0,0.12791116535663605,0.9739329814910889,-0.18732969462871552,0,-0.6282408833503723,0.22572031617164612,0.7445558905601501,0,0.010533001273870468,1.4606590270996094,-0.010797000490128994,1,0.9999970197677612,-0.0008969586342573166,0.002250904683023691,0,0.0006210336578078568,0.9928079843521118,0.11971892416477203,0,-0.002342097694054246,-0.11971709132194519,0.992805004119873,0,0,0.19745400547981262,-0.003845999948680401,1,0.9999150037765503,-0.01287771761417389,-0.0018522103782743216,0,0.012876279652118683,0.9591619968414307,0.2825640141963959,0,-0.0018622110364958644,-0.28256404399871826,0.9592469930648804,0,0,0.2304069995880127,0,1,0.9999169707298279,-0.012839102186262608,-0.0006018250714987516,0,0.01248589251190424,0.9591630101203918,0.2825799286365509,0,-0.0030508250929415226,-0.28256404399871826,0.9592439532279968,0,0,0.26332199573516846,0,1,0.9913120269775391,0.017105968669056892,-0.13041704893112183,0,-0.013562005013227463,0.9995160102844238,0.02801406756043434,0,0.1308329850435257,-0.026001935824751854,0.9910629987716675,0,0,0.2962369918823242,0,1,0.909457802772522,0.16004011034965515,-0.3837633728981018,0,-0.19098292291164398,0.9806219935417175,-0.04365207254886627,0,0.3693406581878662,0.11299194395542145,0.9223991632461548,0,0,0.3026590049266815,-0.002085000043734908,1,0.0747583881020546,-0.6085898876190186,-0.7899550795555115,0,0.9508299231529236,-0.19525539875030518,0.24040980637073517,0,-0.30055415630340576,-0.7690860033035278,0.5640688538551331,0,0.10627900063991547,0.25572600960731506,-0.00120900000911206,1,0.7489708065986633,0.3130469024181366,0.583990216255188,0,-0.6186670064926147,0.6459828019142151,0.4471661150455475,0,-0.23726370930671692,-0.6962099075317383,0.6774941682815552,0,0,0.22519800066947937,0,1,0.42424407601356506,0.9054048657417297,0.01611415483057499,0,-0.9054309725761414,0.42383596301078796,0.023615866899490356,0,0.014552154578268528,-0.02460913360118866,0.9995909929275513,0,0,0.49489501118659973,0,1,-0.3892178237438202,-0.13472120463848114,0.9112409949302673,0,0.4631626605987549,0.8264791369438171,0.3200201094150543,0,-0.7962347865104675,0.5466100573539734,-0.2592824399471283,0,0,0.4827040135860443,0,1,0.10428895056247711,0.6006183624267578,-0.7927047610282898,0,0.07994239777326584,0.7894098162651062,0.608639121055603,0,0.9913290739059448,-0.1268451064825058,0.034311845898628235,0,0,0.14986500144004822,0,1,0.6452954411506653,0.7633813619613647,0.0290154330432415,0,-0.6922131180763245,0.5682246685028076,0.4449291527271271,0,0.3231635093688965,-0.3071957528591156,0.8950958847999573,0,0,0.11320800334215164,0,1,0.8541809916496277,0.5001090168952942,-0.1423550844192505,0,-0.489393025636673,0.8657330870628357,0.1048838198184967,0,0.17569491267204285,-0.01992218941450119,0.9842429757118225,0,-0.0354899987578392,0.15385699272155762,-0.04596199840307236,1,-0.1489790380001068,0.6514496803283691,0.7439211010932922,0,-0.9765669703483582,-0.21509361267089844,-0.00721227889880538,0,0.15531428158283234,-0.727563202381134,0.6682287454605103,0,-0.10627900063991547,0.25571000576019287,-0.0003699999942909926,1,0.3809976577758789,-0.9200950860977173,-0.09091415256261826,0,0.5903185606002808,0.16639916598796844,0.7898322343826294,0,-0.7115930318832397,-0.35459262132644653,0.6065471172332764,0,0,0.22519800066947937,0,1,-0.14643120765686035,-0.9888439178466797,-0.027285918593406677,0,0.9888660311698914,-0.1470617949962616,0.022733809426426888,0,-0.02649291604757309,-0.023653188720345497,0.9993690252304077,0,0,0.49488699436187744,0,1,0.592746913433075,0.2930167019367218,-0.7501951456069946,0,-0.5441333055496216,0.8324278593063354,-0.10479690134525299,0,0.5937758684158325,0.4703240692615509,0.6528590321540833,0,0,0.48256999254226685,0,1,0.998511016368866,-0.018413759768009186,-0.05135791003704071,0,0.029342222958803177,0.9748409986495972,0.2209600955247879,0,0.045997098088264465,-0.22213807702064514,0.9739300012588501,0,0,1.4190930128097534,0,1,0.9863889217376709,-0.1622033566236496,-0.026944687590003014,0,0.1565585732460022,0.9765791296958923,-0.14759089052677155,0,0.05025335028767586,0.14136359095573425,0.9886810779571533,0,0,0.026141000911593437,0,1,0.8852419257164001,0.19410671293735504,0.42269229888916016,0,-0.05416573956608772,-0.8595572113990784,0.5081607103347778,0,0.46196573972702026,-0.4727407395839691,-0.7504023909568787,0,-0.004257999826222658,0.014883000403642654,0.012281999923288822,1,-0.6505792140960693,-0.23364995419979095,0.7226027846336365,0,0.2914700508117676,-0.9554478526115417,-0.046520717442035675,0,0.7012791633605957,0.18035173416137695,0.6896968483924866,0,0.18553799390792847,-0.11121299862861633,-0.000691999972332269,1,0.9995989799499512,-0.02398013323545456,0.01505280751734972,0,0.027888862416148186,0.9256299734115601,-0.3774011731147766,0,-0.004883201327174902,0.3776698410511017,0.9259280562400818,0,0,0.6596289873123169,0,1,0.986500084400177,0.05651579424738884,0.15369687974452972,0,-0.158200204372406,0.5713518857955933,0.8053130507469177,0,-0.04230213537812233,-0.8187569379806519,0.5725799798965454,0,0,0.5354740023612976,0,1,0.9998300075531006,-0.000008803971468296368,0.018422510474920273,0,-0.010783804580569267,0.8104940056800842,0.5856480002403259,0,-0.014936489053070545,-0.5857470035552979,0.8103560209274292,0,0,0.3407210111618042,0,1,-0.9893599152565002,0.09344203770160675,0.11151479929685593,0,-0.10994397103786469,-0.9821809530258179,-0.15242069959640503,0,0.09528519958257675,-0.1630592942237854,0.982003927230835,0,-0.18553799390792847,-0.11121299862861633,0.00042600001324899495,1,0.9995129704475403,0.025928936898708344,-0.017351318150758743,0,-0.031123070046305656,0.8674389123916626,-0.49657002091407776,0,0.002175674308091402,0.49686798453330994,0.8678230047225952,0,0,0.6592029929161072,0,1,0.9049689173698425,0.14003700017929077,-0.4017721712589264,0,0.3581930100917816,0.2588758170604706,0.8970400094985962,0,0.2296278178691864,-0.9557049870491028,0.1841142326593399,0,0,0.5348349809646606,0,1,0.9999470710754395,-0.0000050721528168651275,-0.010312333703041077,0,0.006164929363876581,0.8019230365753174,0.5973948836326599,0,0.008266670629382133,-0.5974270105361938,0.8018808960914612,0,0,0.3331809937953949,0,1
K0.067,0.7672688364982605,0.022318035364151,0.6409371495246887,0,0.12795904278755188,0.9739720225334167,-0.18709500133991241,0,-0.6284308433532715,0.22556601464748383,0.7444431185722351,0,0.01060399878770113,1.4605820178985596,-0.010920998640358448,1,0.9999969601631165,-0.0005279545439407229,0.002398018492385745,0,0.00023705254716333002,0.9928069710731506,0.11972597241401672,0,-0.0024439790286123753,-0.11972502619028091,0.9928039908409119,0,0,0.19745400547981262,-0.003845999948680401,1,0.9999169707298279,-0.012724977917969227,-0.0018001276766881347,0,0.012715024873614311,0.9591609239578247,0.2825731635093689,0,-0.001869126921519637,-0.282572865486145,0.9592440128326416,0,0,0.2304069995880127,0,1,0.9999189972877502,-0.012686682865023613,-0.0005829608417116106,0,0.012334322556853294,0.9591621160507202,0.2825888395309448,0,-0.003025960875675082,-0.2825731337070465,0.9592409133911133,0,0,0.26332199573516846,0,1,0.9912159442901611,0.015783928334712982,-0.13130803406238556,0,-0.012183099053800106,0.9995289444923401,0.02818114496767521,0,0.13169093430042267,-0.026333853602409363,0.9909409880638123,0,0,0.2962369918823242,0,1,0.9089319109916687,0.16161903738975525,-0.3843460977077484,0,-0.1927139163017273,0.9802889823913574,-0.04352967068552971,0,0.3697349429130554,0.11363431811332703,0.9221619367599487,0,0,0.3026590049266815,-0.002085000043734908,1,0.07505117356777191,-0.6085329651832581,-0.7899710536003113,0,0.9511120915412903,-0.1943230777978897,0.24005195498466492,0,-0.299589067697525,-0.7693671584129333,0.5641987919807434,0,0.10627900063991547,0.25572600960731506,-0.00120900000911206,1,0.7504808306694031,0.3137730658054352,0.581658124923706,0,-0.61711585521698,0.6476939916610718,0.44683414697647095,0,-0.23653191328048706,-0.694290816783905,0.6797162294387817,0,0,0.22519800066947937,0,1,0.42603936791419983,0.9045618176460266,0.01606679894030094,0,-0.9045881032943726,0.4256327152252197,0.023594137281179428,0,0.014503799378871918,-0.024585863575339317,0.9995920062065125,0,0,0.49489501118659973,0,1,-0.39416974782943726,-0.13308162987232208,0.9093512296676636,0,0.46070152521133423,0.8275487422943115,0.3208068609237671,0,-0.7952261567115784,0.5453919172286987,-0.264883816242218,0,0,0.4827040135860443,0,1,0.10600925236940384,0.6123318672180176,-0.7834619879722595,0,0.09449484199285507,0.7781320810317993,0.6209520697593689,0,0.9898650646209717,-0.13985972106456757,0.024626975879073143,0,0,0.14986500144004822,0,1,0.6030609607696533,0.7968500852584839,0.03670395538210869,0,-0.7218203544616699,0.5255357027053833,0.45031923055648804,0,0.33954787254333496,-0.2980637550354004,0.8921130895614624,0,0,0.11320800334215164,0,1,0.8541777729988098,0.5001152157783508,-0.14235709607601166,0,-0.4893987774848938,0.8657301664352417,0.10488606244325638,0,0.175697922706604,-0.01992194727063179,0.9842430353164673,0,-0.0354899987578392,0.15385699272155762,-0.04596199840307236,1,-0.14863024652004242,0.6513348817825317,0.7440910935401917,0,-0.976548969745636,-0.21519142389297485,-0.00669676112011075,0,0.15576013922691345,-0.7276366949081421,0.6680442690849304,0,-0.10627900063991547,0.25571000576019287,-0.0003699999942909926,1,0.37981709837913513,-0.9204970002174377,-0.09178175032138824,0,0.5915521383285522,0.16540519893169403,0.7891178131103516,0,-0.7111998200416565,-0.3540143370628357,0.6073459386825562,0,0,0.22519800066947937,0,1,-0.1456189602613449,-0.9889649152755737,-0.02726648561656475,0,0.9889870882034302,-0.14624908566474915,0.022736694663763046,0,-0.02647348679602146,-0.023655304685235023,0.9993699789047241,0,0,0.49488699436187744,0,1,0.5908199548721313,0.29603487253189087,-0.7505300641059875,0,-0.5471500754356384,0.8306639194488525,-0.10307611525058746,0,0.5929238796234131,0.4715518653392792,0.6527481079101562,0,0,0.48256999254226685,0,1,0.9985129833221436,-0.017192108556628227,-0.0517348051071167,0,0.028570909053087234,0.9732379913330078,0.2280168980360031,0,0.046430185437202454,-0.22915595769882202,0.9722819924354553,0,0,1.4190930128097534,0,1,0.9869219660758972,-0.15816816687583923,-0.031103726476430893,0,0.153303861618042,0.9805969595909119,-0.12218035757541656,0,0.049825239926576614,0.11581411212682724,0.9920200109481812,0,0,0.026141000911593437,0,1,0.8861200213432312,0.18491894006729126,0.4249669909477234,0,-0.04633893072605133,-0.877004861831665,0.47824105620384216,0,0.46113401651382446,-0.4434715211391449,-0.7685626745223999,0,-0.004257999826222658,0.014883000403642654,0.012281999923288822,1,-0.6506639719009399,-0.2335817515850067,0.7225490212440491,0,0.2918652296066284,-0.9553518891334534,-0.04601290076971054,0,0.7010359168052673,0.1809478998184204,0.6897870302200317,0,0.18553799390792847,-0.11121299862861633,-0.000691999972332269,1,0.9995989799499512,-0.023720070719718933,0.015441124327480793,0,0.027798932045698166,0.925334095954895,-0.3781326413154602,0,-0.005318869836628437,0.3784104287624359,0.9256229400634766,0,0,0.6596289873123169,0,1,0.9865059852600098,0.05637936294078827,0.15371400117874146,0,-0.15814964473247528,0.5710931420326233,0.8055070042610168,0,-0.04237101599574089,-0.8189470171928406,0.5723029971122742,0,0,0.5354740023612976,0,1,0.9998300075531006,-0.000009894327376969159,0.01842266134917736,0,-0.010782893747091293,0.8104981184005737,0.5856416821479797,0,-0.014937340281903744,-0.5857412815093994,0.8103609085083008,0,0,0.3407210111618042,0,1,-0.9893589615821838,0.09348809719085693,0.11148326843976974,0,-0.10992392152547836,-0.9822799563407898,-0.15179619193077087,0,0.09531673043966293,-0.16243577003479004,0.982105016708374,0,-0.18553799390792847,-0.11121299862861633,0.00042600001324899495,1,0.9995060563087463,0.02637273445725441,-0.017113862559199333,0,-0.03139125928282738,0.8671278357505798,-0.4970952272415161,0,0.001730145886540413,0.49738675355911255,0.8675271272659302,0,0,0.6592029929161072,0,1,0.904970109462738,0.13985908031463623,-0.40183186531066895,0,0.3583420515060425,0.25864309072494507,0.8970479369163513,0,0.2293911576271057,-0.9557939767837524,0.18394672870635986,0,0,0.5348349809646606,0,1,0.9999449849128723,-0.000008020089808269404,-0.010479995049536228,0,0.006275978870689869,0.8013169169425964,0.5982070565223694,0,0.008393000811338425,-0.5982400178909302,0.8012730479240417,0,0,0.3331809937953949,0,1
K0.100,0.7669827938079834,0.022089768201112747,0.6412872076034546,0,0.12826377153396606,0.9739590287208557,-0.1869530975818634,0,-0.628717839717865,0.22564391791820526,0.7441771626472473,0,0.010575000196695328,1.4604920148849487,-0.011064999736845493,1,0.9999970197677612,0.00003465727058937773,0.0023389803245663643,0,-0.0003143436333630234,0.9928119778633118,0.11968231201171875,0,-0.0023180197458714247,-0.1196826845407486,0.992808997631073,0,0,0.19745400547981262,-0.003845999948680401,1,0.9999189972877502,-0.012601719237864017,-0.0017628988716751337,0,0.012586280703544617,0.9591648578643799,0.28256529569625854,0,-0.0018698987551033497,-0.2825646996498108,0.959246039390564,0,0,0.2304069995880127,0,1,0.9999210238456726,-0.012548048049211502,-0.0006062923930585384,0,0.01220795139670372,0.9591659903526306,0.28257986903190613,0,-0.0029642926529049873,-0.2825651466846466,0.9592440724372864,0,0,0.26332199573516846,0,1,0.9910969138145447,0.014030852355062962,-0.13239829242229462,0,-0.010390146635472775,0.9995499849319458,0.02814912050962448,0,0.13273370265960693,-0.02652287855744362,0.9907970428466797,0,0,0.2962369918823242,0,1,0.9082608819007874,0.1659131497144699,-0.38410210609436035,0,-0.19750584661960602,0.97931307554245,-0.04401416704058647,0,0.3688538074493408,0.11583881825208664,0.9222410321235657,0,0,0.3026590049266815,-0.002085000043734908,1,0.07419697195291519,-0.6085806488990784,-0.7900152206420898,0,0.9512127041816711,-0.1947150081396103,0.23933319747447968,0,-0.29948145151138306,-0.7692304849624634,0.56444251537323,0,0.10627900063991547,0.25572600960731506,-0.00120900000911206,1,0.7465667724609375,0.31498587131500244,0.5860223174095154,0,-0.620864987373352,0.6463842988014221,0.4435245096683502,0,-0.2390916496515274,-0.6949613690376282,0.6781327128410339,0,0,0.22519800066947937,0,1,0.42166224122047424,0.9066078662872314,0.01618117094039917,0,-0.906635046005249,0.4212528169155121,0.023648077622056007,0,0.014623170718550682,-0.024641921743750572,0.9995890259742737,0,0,0.49489501118659973,0,1,-0.3815476894378662,-0.13828006386756897,0.9139481782913208,0,0.45703592896461487,0.8312079906463623,0.31656113266944885,0,-0.8034548163414001,0.5384901165962219,-0.253946453332901,0,0,0.4827040135860443,0,1,0.10765568166971207,0.6235073208808899,-0.7743698358535767,0,0.10896036773920059,0.7668048143386841,0.632564127445221,0,0.98819899559021,-0.1524747610092163,0.014613321051001549,0,0,0.14986500144004822,0,1,0.5588889122009277,0.8280340433120728,0.0447457991540432,0,-0.7491849660873413,0.4810653030872345,0.45530056953430176,0,0.35547882318496704,-0.2879853844642639,0.889212965965271,0,0,0.11320800334215164,0,1,0.8541810512542725,0.5001090168952942,-0.14235572516918182,0,-0.4893929362297058,0.8657330274581909,0.10488343238830566,0,0.1756952852010727,-0.019921565428376198,0.9842429757118225,0,-0.0354899987578392,0.15385699272155762,-0.04596199840307236,1,-0.1476816087961197,0.6512274742126465,0.7443742752075195,0,-0.9766140580177307,-0.21492598950862885,-0.005725913215428591,0,0.15625643730163574,-0.7278116345405579,0.6677381992340088,0,-0.10627900063991547,0.25571000576019287,-0.0003699999942909926,1,0.38074490427970886,-0.9206580519676208,-0.0861542746424675,0,0.584550678730011,0.16745395958423615,0.7938882112503052,0,-0.7164731621742249,-0.3526306748390198,0.6019290089607239,0,0,0.22519800066947937,0,1,-0.1412966400384903,-0.9895939826965332,-0.027166884392499924,0,0.9896159172058105,-0.14192435145378113,0.022751983255147934,0,-0.026370882987976074,-0.0236700139939785,0.9993719458580017,0,0,0.49488699436187744,0,1,0.6115061640739441,0.2712847888469696,-0.743278980255127,0,-0.5239921808242798,0.8427188992500305,-0.12351708114147186,0,0.5928670167922974,0.46500396728515625,0.6574790477752686,0,0,0.48256999254226685,0,1,0.9985060095787048,-0.014405843801796436,-0.05271293222904205,0,0.026950152590870857,0.9689739346504211,0.2456893026828766,0,0.047538068145513535,-0.24674274027347565,0.9679139852523804,0,0,1.4190930128097534,0,1,0.9894329309463501,-0.1358342319726944,-0.05070999264717102,0,0.1364697366952896,0.990601122379303,0.009270936250686646,0,0.04897403344511986,-0.016093337908387184,0.9986699819564819,0,0,0.026141000911593437,0,1,0.8907769918441772,0.14379510283470154,0.4310908317565918,0,-0.012478143908083439,-0.9405208826065063,0.339505136013031,0,0.4542691111564636,-0.30780258774757385,-0.8360000848770142,0,-0.004257999826222658,0.014883000403642654,0.012281999923288822,1,-0.6506280899047852,-0.233908012509346,0.7224749326705933,0,0.29249995946884155,-0.9551670551300049,-0.045832086354494095,0,0.7008040547370911,0.18150408565998077,0.6898759007453918,0,0.18553799390792847,-0.11121299862861633,-0.000691999972332269,1,0.9995989799499512,-0.02344314567744732,0.015893105417490005,0,0.02771885320544243,0.9249950647354126,-0.37896570563316345,0,-0.005816894117742777,0.3792542517185211,0.9252738952636719,0,0,0.6596289873123169,0,1,0.986519992351532,0.056102361530065536,0.15372568368911743,0,-0.15801562368869781,0.5708140730857849,0.8057310581207275,0,-0.04254531487822533,-0.819159984588623,0.5719839334487915,0,0,0.5354740023612976,0,1,0.9998300075531006,-0.000012951007192896213,0.01842549815773964,0,-0.010781952179968357,0.8105030059814453,0.5856350660324097,0,-0.014941503293812275,-0.5857340693473816,0.8103650212287903,0,0,0.3407210111618042,0,1,-0.9893358945846558,0.09364589303731918,0.11156026273965836,0,-0.11005810648202896,-0.9823209047317505,-0.15143488347530365,0,0.09540673345327377,-0.16209809482097626,0.982151985168457,0,-0.18553799390792847,-0.11121299862861633,0.00042600001324899495,1,0.9994760155677795,0.027563074603676796,-0.016970064491033554,0,-0.03235292807221413,0.8668431639671326,-0.4975297451019287,0,0.0009969352977350354,0.4978181719779968,0.8672808408737183,0,0,0.6592029929161072,0,1,0.9050046801567078,0.13921231031417847,-0.401978462934494,0,0.3587072789669037,0.25823909044265747,0.8970178961753845,0,0.2286825180053711,-0.9559981226921082,0.18377114832401276,0,0,0.5348349809646606,0,1,0.9999430179595947,-0.000012333577615208924,-0.010631213895976543,0,0.006377666722983122,0.8007710576057434,0.5989369750022888,0,0.008505785837769508,-0.5989710688591003,0.8007259964942932,0,0,0.3331809937953949,0,1
K0.133,0.7666580080986023,0.021840045228600502,0.6416839957237244,0,0.12871606647968292,0.973904013633728,-0.18693207204341888,0,-0.6290210485458374,0.22590793669223785,0.7438399791717529,0,0.01038199570029974,1.460405945777893,-0.01116199977695942,1,0.9999969601631165,0.0005829760921187699,0.002393948147073388,0,-0.0008650341187603772,0.992825984954834,0.11956717073917389,0,-0.0023070680908858776,-0.1195688247680664,0.99282306432724,0,0,0.19745400547981262,-0.003845999948680401,1,0.9999210238456726,-0.012415371835231781,-0.0017119544791057706,0,0.012393622659146786,0.9592400193214417,0.2823220491409302,0,-0.0018629578407853842,-0.28232094645500183,0.9593179821968079,0,0,0.2304069995880127,0,1,0.9999240040779114,-0.012353378348052502,-0.0005909446044825017,0,0.012017612345516682,0.9592399001121521,0.2823362350463867,0,-0.0029209477361291647,-0.2823217809200287,0.9593150615692139,0,0,0.26332199573516846,0,1,0.9909589886665344,0.012356082908809185,-0.13359403610229492,0,-0.008635892532765865,0.9995599389076233,0.028390714898705482,0,0.13388597965240479,-0.026980316266417503,0.9906290173530579,0,0,0.2962369918823242,0,1,0.9073190093040466,0.17014293372631073,-0.3844769597053528,0,-0.20273104310035706,0.9781749248504639,-0.04554801806807518,0,0.3683360815048218,0.11927199363708496,0.9220099449157715,0,0,0.3026590049266815,-0.002085000043734908,1,0.07263100892305374,-0.6086310744285583,-0.7901219725608826,0,0.951723039150238,-0.19460198283195496,0.23738789558410645,0,-0.29824092984199524,-0.7692189812660217,0.5651140213012695,0,0.10627900063991547,0.25572600960731506,-0.00120900000911206,1,0.7451381087303162,0.3073977828025818,0.591841995716095,0,-0.6213828325271606,0.6422749161720276,0.4487382769584656,0,-0.24218396842479706,-0.7021320462226868,0.6695948839187622,0,0,0.22519800066947937,0,1,0.40588057041168213,0.9137752056121826,0.016593558713793755,0,-0.9138021469116211,0.4054597020149231,0.023834722116589546,0,0.015051559545099735,-0.024837283417582512,0.9995779991149902,0,0,0.49489501118659973,0,1,-0.35435810685157776,-0.14521007239818573,0.923766016960144,0,0.45725908875465393,0.834800124168396,0.30663052201271057,0,-0.8156862854957581,0.5310577154159546,-0.22941972315311432,0,0,0.4827040135860443,0,1,0.10894802212715149,0.6322660446166992,-0.767052948474884,0,0.12073204666376114,0.7575176358222961,0.6415543556213379,0,0.9866880178451538,-0.16250374913215637,0.006195263471454382,0,0,0.14986500144004822,0,1,0.5214283466339111,0.8517352938652039,0.05156494677066803,0,-0.7698028087615967,0.4434780776500702,0.4590540826320648,0,0.36812496185302734,-0.2790588438510895,0.8869109749794006,0,0,0.11320800334215164,0,1,0.8542139530181885,0.5000568628311157,-0.14234335720539093,0,-0.48934316635131836,0.8657629489898682,0.10486584901809692,0,0.1756746619939804,-0.019923148676753044,0.9842471480369568,0,-0.0354899987578392,0.15385699272155762,-0.04596199840307236,1,-0.14753621816635132,0.6508548259735107,0.7447291612625122,0,-0.9763679504394531,-0.2160670906305313,-0.004594063386321068,0,0.15792129933834076,-0.7278068661689758,0.6673510074615479,0,-0.10627900063991547,0.25571000576019287,-0.0003699999942909926,1,0.385212779045105,-0.9200860857963562,-0.07108590751886368,0,0.5686647295951843,0.17600314319133759,0.8035191297531128,0,-0.7267951369285583,-0.34994977712631226,0.5910189151763916,0,0,0.22519800066947937,0,1,-0.1390855312347412,-0.9899089932441711,-0.027116158977150917,0,0.989931046962738,-0.13971205055713654,0.02275938354432583,0,-0.026318158954381943,-0.02367761731147766,0.9993730187416077,0,0,0.49488699436187744,0,1,0.6436562538146973,0.23220011591911316,-0.729239821434021,0,-0.4848768711090088,0.8609470129013062,-0.1538342386484146,0,0.5921161770820618,0.452607661485672,0.6667420268058777,0,0,0.48256999254226685,0,1,0.9984790086746216,-0.010334769263863564,-0.05415303632616997,0,0.024731166660785675,0.9618569016456604,0.27243125438690186,0,0.04927198216319084,-0.27335625886917114,0.9606499075889587,0,0,1.4190930128097534,0,1,0.9921069741249084,-0.10294456779956818,-0.0715923011302948,0,0.11443506926298141,0.9767428636550903,0.18132489919662476,0,0.051260847598314285,-0.18808633089065552,0.98081374168396,0,0,0.026141000911593437,0,1,0.8986732363700867,0.0896354392170906,0.4293636381626129,0,0.02927144430577755,-0.9889700412750244,0.1451946645975113,0,0.4376421272754669,-0.11791440099477768,-0.8913841247558594,0,-0.004257999826222658,0.014883000403642654,0.012281999923288822,1,-0.6504080295562744,-0.23459425568580627,0.7224509119987488,0,0.2932557463645935,-0.9549230933189392,-0.04607038572430611,0,0.7006930708885193,0.18189837038516998,0.6898857951164246,0,0.18553799390792847,-0.11121299862861633,-0.000691999972332269,1,0.99959796667099,-0.023310981690883636,0.016168911010026932,0,0.02770601399242878,0.9246940016746521,-0.3797008693218231,0,-0.006100093945860863,0.379996120929718,0.9249679446220398,0,0,0.6596289873123169,0,1,0.9865419864654541,0.05572081729769707,0.15371888875961304,0,-0.1578051745891571,0.5705732107162476,0.8059427738189697,0,-0.04280010610818863,-0.819354236125946,0.571687638759613,0,0,0.5354740023612976,0,1,0.9998300075531006,-0.000010112552445207257,0.018421966582536697,0,-0.010782112367451191,0.8105059266090393,0.5856310129165649,0,-0.01493703480809927,-0.5857300162315369,0.810368001461029,0,0,0.3407210111618042,0,1,-0.9893620014190674,0.09325002878904343,0.11165909469127655,0,-0.1096869632601738,-0.9823539853096008,-0.151493102312088,0,0.0955619215965271,-0.16212889552116394,0.9821310043334961,0,-0.18553799390792847,-0.11121299862861633,0.00042600001324899495,1,0.9994720220565796,0.027870843186974525,-0.016707098111510277,0,-0.03248916566371918,0.8666559457778931,-0.4978469908237457,0,0.0006038905121386051,0.4981270134449005,0.8671039938926697,0,0,0.6592029929161072,0,1,0.9050119519233704,0.13894610106945038,-0.402055025100708,0,0.3589041233062744,0.25794509053230286,0.8970239162445068,0,0.22834594547748566,-0.9561160206794739,0.18357494473457336,0,0,0.5348349809646606,0,1,0.9999420046806335,-0.00001459035775042139,-0.010754022747278214,0,0.006459411233663559,0.8003259897232056,0.599530041217804,0,0.008597980253398418,-0.5995650291442871,0.8002800345420837,0,0,0.3331809937953949,0,1
