0.900,30,26,41
B0,mixamorig_Hips,-1,0.9593480229377747,-0.03217900171875954,0.28038498759269714,0,0.001028000027872622,0.9938700199127197,0.1105479970574379,0,-0.2822229862213135,-0.10576599836349487,0.9535009860992432,0,0.031077999621629715,1.303663969039917,-0.0022249999456107616,1
B1,mixamorig_Spine,0,0.9985079765319824,0.03184900060296059,0.04436499997973442,0,-0.036997999995946884,0.99201899766922,0.1205340027809143,0,-0.04017199948430061,-0.12199600040912628,0.9917169809341431,0,0,0.19809600710868835,-0.00393499992787838,1
B2,mixamorig_Spine1,1,0.9999169707298279,0.0024419999681413174,0.012640000320971012,0,-0.003063000040128827,0.9987810254096985,0.049272000789642334,0,-0.012505000457167625,-0.049306999891996384,0.9987050294876099,0,0,0.23115800321102142,0,1
B3,mixamorig_Spine2,2,0.9999150037765503,0.002368000103160739,0.012804999947547913,0,-0.0029959999956190586,0.9987840056419373,0.049215998500585556,0,-0.012672999873757362,-0.04924999922513962,0.9987059831619263,0,0,0.264180988073349,0,1
B4,mixamorig_Neck,3,0.9980959892272949,0.03854500129818916,-0.04815499857068062,0,-0.03143800050020218,0.9895820021629333,0.14049899578094482,0,0.053068000823259354,-0.13871799409389496,0.9889090061187744,0,0,0.297203004360199,0,1
B5,mixamorig_Head,4,0.9530060291290283,0.18930800259113312,-0.23652100563049316,0,-0.18103300034999847,0.9818559885025024,0.05643700063228607,0,0.24291400611400604,-0.010967000387609005,0.9699860215187073,0,0,0.24097700417041779,-0.0019340000580996275,1
B6,mixamorig_HeadTop_End,5,1,0,0,0,0,1,0,0,0,0,1,0,0,1.0410269498825073,-0.00835500005632639,1
B7,mixamorig_LeftShoulder,3,0.23598100244998932,0.018758999183773994,-0.971576988697052,0,0.9497519731521606,-0.21601900458335876,0.22651000320911407,0,-0.20563000440597534,-0.9762089848518372,-0.06879299879074097,0,0.10724399983882904,0.2594340145587921,-0.0016680000117048621,1
B8,mixamorig_LeftArm,7,0.13773100078105927,0.6564329862594604,0.7417050004005432,0,-0.9153450131416321,0.3704330027103424,-0.15786999464035034,0,-0.37838301062583923,-0.6571720242500305,0.651881992816925,0,0,0.2264699935913086,0,1
B9,mixamorig_LeftForeArm,8,0.8192539811134338,0.5734000205993652,0.00587099976837635,0,-0.573406994342804,0.8190879821777344,0.01727299951016903,0,0.00509499991312623,-0.017518000677227974,0.9998340010643005,0,0,0.5252609848976135,0,1
B10,mixamorig_LeftHand,9,-0.4121130108833313,-0.22269399464130402,0.883499026298523,0,0.12922300398349762,0.9455829858779907,0.29861900210380554,0,-0.9019230008125305,0.2372329980134964,-0.36090999841690063,0,0,0.4727329909801483,0,1
B11,mixamorig_LeftHandThumb1,10,0.9268040060997009,0.3417930006980896,-0.15559999644756317,0,-0.2695539891719818,0.8939359784126282,0.3580780029296875,0,0.2614850103855133,-0.2899250090122223,0.9206349849700928,0,-0.07597500085830688,0.07565300166606903,0,1
B12,mixamorig_LeftHandThumb2,11,0.932852029800415,-0.14505800604820251,-0.32976600527763367,0,0.1588660031557083,0.9871839880943298,0.015161000192165375,0,0.3233410120010376,-0.06653200089931488,0.9439409971237183,0,-0.008275999687612057,0.08537399768829346,0,1
B13,mixamorig_LeftHandThumb3,12,0.821196973323822,0.5690760016441345,-0.042295001447200775,0,-0.5703250169754028,0.815995991230011,-0.09422799944877625,0,-0.01911100000143051,0.10150200128555298,0.9946519732475281,0,-0.015286000445485115,0.09925399720668793,0,1
B14,mixamorig_LeftHandThumb4,13,1,0,0,0,0,1,0,0,0,0,1,0,0.023561999201774597,0.07632800191640854,0,1
B15,mixamorig_LeftHandIndex1,10,0.9959840178489685,0.06852500140666962,0.0576150007545948,0,-0.08943100273609161,0.791454017162323,0.6046519875526428,0,-0.004166000057011843,-0.607375979423523,0.7944039702415466,0,0,0.13799099624156952,0.0016250000335276127,1
B16,mixamorig_LeftHandIndex2,15,0.9970740079879761,0.0668720006942749,0.03702399879693985,0,-0.0655369982123375,0.49863201379776,0.8643329739570618,0,0.03933800011873245,-0.8642309904098511,0.5015559792518616,0,0.0022640000097453594,0.1467909961938858,0,1
B17,mixamorig_LeftHandIndex3,16,0.9978839755058289,0.06450500339269638,0.008217999711632729,0,-0.062226999551057816,0.9105939865112305,0.40859100222587585,0,0.018873000517487526,-0.4082379937171936,0.9126799702644348,0,-0.002400999888777733,0.12428200244903564,0,1
B18,mixamorig_LeftHandIndex4,17,1,0,0,0,0,1,0,0,0,0,1,0,0.00013699999544769526,0.0934320017695427,0,1
B19,mixamorig_RightShoulder,3,0.08636900037527084,-0.01091699954122305,0.9962030053138733,0,-0.9082930088043213,-0.4116950035095215,0.07423599809408188,0,0.40932101011276245,-0.9112570285797119,-0.04547400027513504,0,-0.10724399983882904,0.2593980133533478,0.00016700000560376793,1
B20,mixamorig_RightArm,19,0.5271379947662354,-0.7451689839363098,-0.4084709882736206,0,0.8024510145187378,0.2783229947090149,0.5278329849243164,0,-0.27963799238204956,-0.6060190200805664,0.7446770071983337,0,0,0.2264699935913086,0,1
B21,mixamorig_RightForeArm,20,-0.28335899114608765,-0.9585689902305603,-0.02921699918806553,0,0.9585899710655212,-0.2840079963207245,0.021097000688314438,0,-0.02852099947631359,-0.022028999403119087,0.9993500113487244,0,0,0.5251560211181641,0,1
B22,mixamorig_RightHand,21,0.7479339838027954,0.6468309760093689,-0.1490119993686676,0,-0.6635839939117432,0.7232769727706909,-0.1911180019378662,0,-0.01584400050342083,0.24182499945163727,0.9701899886131287,0,0,0.4728040099143982,0,1
B23,mixamorig_RightHandThumb1,22,0.8593279719352722,-0.5081160068511963,0.05809200182557106,0,0.38814398646354675,0.7219250202178955,0.5728610157966614,0,-0.3330169916152954,-0.4697270095348358,0.8175920248031616,0,0.07543099671602249,0.072052001953125,0,1
B24,mixamorig_RightHandThumb2,23,0.7325080037117004,0.602537989616394,0.31682801246643066,0,-0.5839139819145203,0.7953649759292603,-0.1626020073890686,0,-0.34996798634529114,-0.06589300185441971,0.9344409704208374,0,0.00254400004632771,0.08341199904680252,0,1
B25,mixamorig_RightHandThumb3,24,0.858460009098053,0.5128669738769531,-0.0038240000139921904,0,-0.5086529850959778,0.8504040241241455,-0.1344819962978363,0,-0.06571900099515915,0.11739300191402435,0.9909089803695679,0,0.020114999264478683,0.09917700290679932,0,1
B26,mixamorig_RightHandThumb4,25,1,0,0,0,0,1,0,0,0,0,1,0,-0.022659000009298325,0.07937899976968765,0,1
B27,mixamorig_RightHandIndex1,22,0.9958940148353577,-0.08734100311994553,-0.02380399964749813,0,0.09040500223636627,0.9731670022010803,0.2115979939699173,0,0.004683999810367823,-0.21288099884986877,0.9770669937133789,0,0,0.15002499520778656,0.0011129999766126275,1
B28,mixamorig_RightHandIndex2,27,0.999987006187439,0.004000999964773655,0.003131000092253089,0,-0.005059000104665756,0.8406040072441101,0.5416259765625,0,-0.00046499999007210135,-0.5416349768638611,0.8406140208244324,0,-0.002773999935016036,0.1543159931898117,0,1
B29,mixamorig_RightHandIndex3,28,0.9911289811134338,-0.1306390017271042,-0.0244120005518198,0,0.12554000318050385,0.8600249886512756,0.49456700682640076,0,-0.04361499845981598,-0.493245005607605,0.8687959909439087,0,0.00571299996227026,0.1145310029387474,0,1
B30,mixamorig_RightHandIndex4,29,1,0,0,0,0,1,0,0,0,0,1,0,-0.0029380000196397305,0.09178599715232849,0,1
B31,mixamorig_LeftUpLeg,0,-0.9772189855575562,0.03361799940466881,0.2095550000667572,0,0.09716799855232239,-0.8069450259208679,0.5825780034065247,0,0.18868499994277954,0.5896689891815186,0.7852960228919983,0,0.1886799931526184,-0.11030100286006927,-0.0026910000015050173,1
B32,mixamorig_LeftLeg,31,0.997518002986908,0.038068000227212906,0.059230998158454895,0,0.06402599811553955,-0.14042599499225616,-0.9880189895629883,0,-0.029294999316334724,0.9893590211868286,-0.14251500368118286,0,0,0.6274679899215698,0,1
B33,mixamorig_LeftFoot,32,0.9331030249595642,0.11871399730443954,0.33945000171661377,0,-0.3572329878807068,0.19764800369739532,0.9128640294075012,0,0.04127800092101097,-0.9730579853057861,0.2268339991569519,0,0,0.5465649962425232,0,1
B34,mixamorig_LeftToeBase,33,0.9947270154953003,-0.04590100049972534,0.0917079970240593,0,-0.023554999381303787,0.7680789828300476,0.639922022819519,0,-0.09981200098991394,-0.6387079954147339,0.7629479765892029,0,0,0.360617995262146,0,1
B35,mixamorig_LeftToe_End,34,1,0,0,0,0,1,0,0,0,0,1,0,0,0.13561299443244934,0,1
B36,mixamorig_RightUpLeg,0,-0.9818320274353027,-0.09206099808216095,0.16592200100421906,0,0.15150600671768188,-0.9068019986152649,0.3933899998664856,0,0.11424200236797333,0.4113810062408447,0.9042760133743286,0,-0.1886799931526184,-0.11030100286006927,0.0012339999666437507,1
B37,mixamorig_RightLeg,36,0.9916170239448547,-0.12883999943733215,-0.009828000329434872,0,0.04797999933362007,0.4377650022506714,-0.8978080153465271,0,0.1199759989976883,0.8898100256919861,0.44027701020240784,0,0,0.6277170181274414,0,1
B38,mixamorig_RightFoot,37,0.8865839838981628,0.27597901225090027,-0.37122100591659546,0,0.39729800820350647,-0.04330899938941002,0.9166669845581055,0,0.23690299689769745,-0.9601870179176331,-0.14804300665855408,0,0,0.5470679998397827,0,1
B39,mixamorig_RightToeBase,38,0.9987279772758484,0.005956000182777643,-0.050074998289346695,0,0.030520999804139137,0.719078004360199,0.694258987903595,0,0.040143001824617386,-0.6949040293693542,0.7179809808731079,0,0,0.3589859902858734,0,1
B40,mixamorig_RightToe_End,39,1,0,0,0,0,1,0,0,0,0,1,0,0,0.13514000177383423,0,1
@34,0,1,2,3,4,5,7,8,9,10,11,12,13,15,16,17,19,20,21,22,23,24,25,27,28,29,31,32,33,34,36,37,38,39
K0,0.9593481421470642,-0.032179225236177444,0.2803846299648285,0,0.001027776044793427,0.9938700199127197,0.11054804921150208,0,-0.2822233736515045,-0.1057659462094307,0.9535009264945984,0,0.031077999621629715,1.303663969039917,-0.0022249999456107616,1,0.9985079169273376,0.03184923902153969,0.04436499997973442,0,-0.036997757852077484,0.99201899766922,0.12053423374891281,0,-0.040171995759010315,-0.12199576944112778,0.9917170405387878,0,0,0.19809600710868835,-0.00393499992787838,1,0.9999169707298279,0.0024424518924206495,0.012640380300581455,0,-0.0030625483486801386,0.9987810254096985,0.04927220568060875,0,-0.012504619546234608,-0.04930679872632027,0.9987050294876099,0,0,0.23115800321102142,0,1,0.9999150037765503,0.0023682061582803726,0.012805064208805561,0,-0.0029957941733300686,0.9987840056419373,0.04921591654419899,0,-0.012672935612499714,-0.049250081181526184,0.9987059831619263,0,0,0.264180988073349,0,1,0.9980959892272949,0.03854519501328468,-0.048154570162296295,0,-0.03143781051039696,0.9895820021629333,0.14049921929836273,0,0.05306842923164368,-0.13871774077415466,0.9889090061187744,0,0,0.297203004360199,0,1,0.9530059099197388,0.18930846452713013,-0.2365211546421051,0,-0.18103253841400146,0.9818560481071472,0.05643711984157562,0,0.2429138720035553,-0.010966887697577477,0.9699861407279968,0,0,0.24097700417041779,-0.0019340000580996275,1,0.23598137497901917,0.01875867322087288,-0.9715769290924072,0,0.9497520923614502,-0.21601885557174683,0.2265097200870514,0,-0.2056298553943634,-0.9762091040611267,-0.06879254430532455,0,0.10724399983882904,0.2594340145587921,-0.0016680000117048621,1,0.13773088157176971,0.6564328670501709,0.7417051792144775,0,-0.9153450131416321,0.37043285369873047,-0.15787005424499512,0,-0.37838274240493774,-0.6571720242500305,0.6518821120262146,0,0,0.2264699935913086,0,1,0.8192541003227234,0.5733997821807861,0.00587132154032588,0,-0.5734071731567383,0.8190878033638,0.0172731876373291,0,0.00509532168507576,-0.017517810687422752,0.9998340606689453,0,0,0.5252609848976135,0,1,-0.41211292147636414,-0.22269397974014282,0.883499026298523,0,0.12922298908233643,0.9455828070640564,0.29861950874328613,0,-0.901922881603241,0.23723353445529938,-0.36090996861457825,0,0,0.4727329909801483,0,1,0.9268040657043457,0.3417928218841553,-0.15560013055801392,0,-0.2695541977882385,0.8939359784126282,0.3580777943134308,0,0.26148489117622375,-0.289925217628479,0.920634925365448,0,-0.07597500085830688,0.07565300166606903,0,1,0.9328519105911255,-0.14505791664123535,-0.32976627349853516,0,0.15886607766151428,0.9871839880943298,0.015161191113293171,0,0.32334068417549133,-0.06653180718421936,0.9439411163330078,0,-0.008275999687612057,0.08537399768829346,0,1,0.8211969137191772,0.5690760016441345,-0.04229472205042839,0,-0.5703249573707581,0.815995991230011,-0.09422826021909714,0,-0.019110726192593575,0.10150173306465149,0.9946520328521729,0,-0.015286000445485115,0.09925399720668793,0,1,0.9959839582443237,0.06852519512176514,0.057615142315626144,0,-0.08943081647157669,0.7914541363716125,0.6046518683433533,0,-0.004165856167674065,-0.6073761582374573,0.7944039106369019,0,0,0.13799099624156952,0.0016250000335276127,1,0.9970740079879761,0.06687172502279282,0.03702407702803612,0,-0.06553727388381958,0.4986319839954376,0.864332914352417,0,0.03933807834982872,-0.8642310500144958,0.5015559792518616,0,0.0022640000097453594,0.1467909961938858,0,1,0.9978840351104736,0.06450484693050385,0.008217915892601013,0,-0.06222715601325035,0.9105938673019409,0.4085913300514221,0,0.01887291669845581,-0.4082376956939697,0.9126800894737244,0,-0.002400999888777733,0.12428200244903564,0,1,0.08636964857578278,-0.010917076840996742,0.9962029457092285,0,-0.9082931280136108,-0.41169479489326477,0.07423634082078934,0,0.40932148694992065,-0.9112568497657776,-0.045473888516426086,0,-0.10724399983882904,0.2593980133533478,0.00016700000560376793,1,0.527137815952301,-0.7451690435409546,-0.4084709882736206,0,0.802450954914093,0.2783232033252716,0.5278328657150269,0,-0.27963799238204956,-0.6060190796852112,0.7446768879890442,0,0,0.2264699935913086,0,1,-0.2833588421344757,-0.9585690498352051,-0.02921682968735695,0,0.9585899710655212,-0.28400805592536926,0.02109711244702339,0,-0.02852082997560501,-0.022028887644410133,0.9993500113487244,0,0,0.5251560211181641,0,1,0.7479339241981506,0.6468310356140137,-0.14901193976402283,0,-0.6635839343070984,0.7232770919799805,-0.19111770391464233,0,-0.015843942761421204,0.24182526767253876,0.9701898694038391,0,0,0.4728040099143982,0,1,0.8593281507492065,-0.5081158876419067,0.05809170752763748,0,0.3881440758705139,0.7219250202178955,0.5728608965873718,0,-0.3330172598361969,-0.4697270691394806,0.8175918459892273,0,0.07543099671602249,0.072052001953125,0,1,0.7325076460838318,0.6025384068489075,0.3168281316757202,0,-0.5839136242866516,0.7953652739524841,-0.1626020222902298,0,-0.3499678671360016,-0.06589300185441971,0.9344410300254822,0,0.00254400004632771,0.08341199904680252,0,1,0.858460009098053,0.5128669142723083,-0.0038242756854742765,0,-0.5086530447006226,0.8504039645195007,-0.13448219001293182,0,-0.06571927666664124,0.11739280819892883,0.9909089803695679,0,0.020114999264478683,0.09917700290679932,0,1,0.9958940744400024,-0.08734077960252762,-0.02380392886698246,0,0.09040521830320358,0.9731669425964355,0.21159791946411133,0,0.004684068262577057,-0.21288105845451355,0.9770669937133789,0,0,0.15002499520778656,0.0011129999766126275,1,0.999987006187439,0.004000906366854906,0.003131034318357706,0,-0.005059093236923218,0.8406040668487549,0.5416258573532104,0,-0.00046496588038280606,-0.5416350960731506,0.8406140208244324,0,-0.002773999935016036,0.1543159931898117,0,1,0.9911289811134338,-0.13063910603523254,-0.02441195398569107,0,0.1255398988723755,0.8600248098373413,0.49456727504730225,0,-0.0436149537563324,-0.4932447671890259,0.868796169757843,0,0.00571299996227026,0.1145310029387474,0,1,-0.9772191047668457,0.03361798822879791,0.20955520868301392,0,0.09716799110174179,-0.8069450855255127,0.5825780630111694,0,0.18868480622768402,0.5896689891815186,0.7852960824966431,0,0.1886799931526184,-0.11030100286006927,-0.0026910000015050173,1,0.9975179433822632,0.03806838020682335,0.05923132970929146,0,0.06402637809515,-0.14042596518993378,-0.9880189299583435,0,-0.029294665902853012,0.9893590211868286,-0.14251482486724854,0,0,0.6274679899215698,0,1,0.9331030249595642,0.11871389299631119,0.33945000171661377,0,-0.35723310708999634,0.19764792919158936,0.9128639698028564,0,0.04127802327275276,-0.9730579257011414,0.22683417797088623,0,0,0.5465649962425232,0,1,0.9947270154953003,-0.045900773257017136,0.09170803427696228,0,-0.023554770275950432,0.7680789828300476,0.6399219632148743,0,-0.09981196373701096,-0.6387080550193787,0.7629479765892029,0,0,0.360617995262146,0,1,-0.9818321466445923,-0.09206122905015945,0.16592170298099518,0,0.15150576829910278,-0.9068021774291992,0.39338985085487366,0,0.11424229294061661,0.41138118505477905,0.9042758941650391,0,-0.1886799931526184,-0.11030100286006927,0.0012339999666437507,1,0.9916170835494995,-0.12883992493152618,-0.009828104637563229,0,0.04798008129000664,0.4377650320529938,-0.8978080153465271,0,0.11997589468955994,0.8898100852966309,0.44027698040008545,0,0,0.6277170181274414,0,1,0.8865841627120972,0.27597901225090027,-0.3712206184864044,0,0.39729800820350647,-0.04330936446785927,0.9166670441627502,0,0.2369033545255661,-0.9601869583129883,-0.1480432003736496,0,0,0.5470679998397827,0,1,0.9987279176712036,0.005956046748906374,-0.05007508397102356,0,0.030521046370267868,0.7190778851509094,0.6942590475082397,0,0.040142908692359924,-0.6949039697647095,0.7179811000823975,0,0,0.3589859902858734,0,1
K0.035,0.9596238136291504,-0.02017541043460369,0.2805607318878174,0,-0.017932943999767303,0.9910071492195129,0.132601797580719,0,-0.28071320056915283,-0.13227923214435577,0.9506331086158752,0,0.029843131080269814,1.3310233354568481,-0.016404954716563225,1,0.9987915754318237,0.019521167501807213,0.04510100558400154,0,-0.024523641914129257,0.9932725429534912,0.11317192018032074,0,-0.04258836805820465,-0.11414126306772232,0.9925515055656433,0,0,0.19809600710868835,-0.00393499992787838,1,0.9999162554740906,0.0021130195818841457,0.0127321882173419,0,-0.002690790221095085,0.998958945274353,0.045533813536167145,0,-0.01262272335588932,-0.04556427150964737,0.9988811612129211,0,0,0.23115800321102142,0,1,0.9999151825904846,0.0020560631528496742,0.012886429205536842,0,-0.002640323480591178,0.9989619255065918,0.04548747092485428,0,-0.012779520824551582,-0.04551761597394943,0.9988821744918823,0,0,0.264180988073349,0,1,0.9980491399765015,0.030605973675847054,-0.05441610515117645,0,-0.022486796602606773,0.9893214702606201,0.14400549232959747,0,0.05824246257543564,-0.14250093698501587,0.988079845905304,0,0,0.297203004360199,0,1,0.9485333561897278,0.19061897695064545,-0.25287947058677673,0,-0.18378636240959167,0.981663167476654,0.05060165002942085,0,0.2578882873058319,-0.0015215575695037842,0.9661740660667419,0,0,0.24097700417041779,-0.0019340000580996275,1,0.30270445346832275,0.017785610631108284,-0.9529184699058533,0,0.9346094131469727,-0.20144709944725037,0.2931285500526428,0,-0.1867491751909256,-0.9793378710746765,-0.07760154455900192,0,0.10724399983882904,0.2594340145587921,-0.0016680000117048621,1,0.17157642543315887,0.6272127628326416,0.7597137093544006,0,-0.8814275860786438,0.4421859085559845,-0.16599996387958527,0,-0.4400526285171509,-0.6411518454551697,0.6287121772766113,0,0,0.2264699935913086,0,1,0.8144724369049072,0.5801714658737183,0.006015165708959103,0,-0.5801790356636047,0.8143018484115601,0.01747707650065422,0,0.005241537932306528,-0.017724458128213882,0.999829113483429,0,0,0.5252609848976135,0,1,-0.40797144174575806,-0.23191498219966888,0.8830482363700867,0,0.1315242052078247,0.9421828985214233,0.308210164308548,0,-0.9034711122512817,0.2418830394744873,-0.3538810908794403,0,0,0.4727329909801483,0,1,0.9250417351722717,0.34874364733695984,-0.15058700740337372,0,-0.2779528796672821,0.891613781452179,0.35744550824165344,0,0.2589222192764282,-0.2887958586215973,0.9217140078544617,0,-0.07597500085830688,0.07565300166606903,0,1,0.9337853789329529,-0.14053411781787872,-0.329080730676651,0,0.15280137956142426,0.9881893396377563,0.011575866490602493,0,0.32356733083724976,-0.06109337508678436,0.9442307949066162,0,-0.008275999687612057,0.08537399768829346,0,1,0.8220677375793457,0.567882776260376,-0.041397545486688614,0,-0.5690596103668213,0.8169422745704651,-0.0936790332198143,0,-0.019379304721951485,0.10056819021701813,0.9947412014007568,0,-0.015286000445485115,0.09925399720668793,0,1,0.995929479598999,0.06906929612159729,0.05791216716170311,0,-0.09003644436597824,0.7924242615699768,0.6032888889312744,0,-0.004222264513373375,-0.6060472726821899,0.7954172492027283,0,0,0.13799099624156952,0.0016250000335276127,1,0.9970888495445251,0.06674369424581528,0.03687286004424095,0,-0.06541439890861511,0.5002321004867554,0.8634164333343506,0,0.0391826257109642,-0.8633151650428772,0.5031419992446899,0,0.0022640000097453594,0.1467909961938858,0,1,0.9978946447372437,0.06433877348899841,0.008142372593283653,0,-0.0620766319334507,0.9112950563430786,0.407047301530838,0,0.018768835812807083,-0.406696081161499,0.9133710265159607,0,-0.002400999888777733,0.12428200244903564,0,1,0.0994403213262558,-0.011632360517978668,0.9949758648872375,0,-0.914135754108429,-0.396020770072937,0.08673103898763657,0,0.39302220940589905,-0.9181675314903259,-0.05001398175954819,0,-0.10724399983882904,0.2593980133533478,0.00016700000560376793,1,0.5191146731376648,-0.7391997575759888,-0.4290737509727478,0,0.8112787008285522,0.2681671380996704,0.5195319652557373,0,-0.26897430419921875,-0.6177946329116821,0.7389060258865356,0,0,0.2264699935913086,0,1,-0.25248607993125916,-0.9671796560287476,-0.028537118807435036,0,0.9672004580497742,-0.253119558095932,0.021286016330122948,0,-0.02781071700155735,-0.02222670055925846,0.9993661642074585,0,0,0.5251560211181641,0,1,0.7612400054931641,0.6300357580184937,-0.1535179615020752,0,-0.6483803987503052,0.7355602383613586,-0.19635403156280518,0,-0.010788346640765667,0.24901048839092255,0.9684402942657471,0,0,0.4728040099143982,0,1,0.8592949509620667,-0.5081490278244019,0.05827578902244568,0,0.3882550001144409,0.7221993207931519,0.5724393725395203,0,-0.3329712748527527,-0.46926841139793396,0.8178736567497253,0,0.07543099671602249,0.072052001953125,0,1,0.7342787981033325,0.6007979512214661,0.3160317540168762,0,-0.5817838907241821,0.7968260645866394,-0.16308434307575226,0,-0.3498029410839081,-0.06411278247833252,0.934626579284668,0,0.00254400004632771,0.08341199904680252,0,1,0.8578152656555176,0.5139461159706116,-0.003580494085326791,0,-0.5097272396087646,0.8498402237892151,-0.13397759199142456,0,-0.06581440567970276,0.11675308644771576,0.9909781217575073,0,0.020114999264478683,0.09917700290679932,0,1,0.9952560663223267,-0.09384308755397797,-0.025682374835014343,0,0.0971752181649208,0.9718194603919983,0.2147654891014099,0,0.004804371856153011,-0.2162422090768814,0.9763278365135193,0,0,0.15002499520778656,0.0011129999766126275,1,0.999987006187439,0.003975622821599245,0.0031280654948204756,0,-0.005036338232457638,0.8404843807220459,0.5418119430541992,0,-0.000475050212116912,-0.5418211817741394,0.8404942750930786,0,-0.002773999935016036,0.1543159931898117,0,1,0.9911289811134338,-0.13063912093639374,-0.024411877617239952,0,0.12553991377353668,0.86002516746521,0.4945666491985321,0,-0.0436149500310421,-0.49324432015419006,0.8687968850135803,0,0.00571299996227026,0.1145310029387474,0,1,-0.9769344329833984,0.05451138690114021,0.20646171271800995,0,0.10459984838962555,-0.7207614183425903,0.6852452754974365,0,0.18616347014904022,0.6910361647605896,0.6984354853630066,0,0.1886799931526184,-0.11030100286006927,-0.0026910000015050173,1,0.998032808303833,0.016138983890414238,0.06058046594262123,0,0.06092875078320503,-0.02204200066626072,-0.9978984594345093,0,-0.014769761823117733,0.9996272325515747,-0.022981982678174973,0,0,0.6274679899215698,0,1,0.9479888677597046,0.07209335267543793,0.31003034114837646,0,-0.31778770685195923,0.15899832546710968,0.9347359538078308,0,0.018093939870595932,-0.9846435189247131,0.17363908886909485,0,0,0.5465649962425232,0,1,0.9996116757392883,0.00005143564703757875,0.027874629944562912,0,-0.016929302364587784,0.795563817024231,0.6056334376335144,0,-0.022144895046949387,-0.6058701872825623,0.795255720615387,0,0,0.360617995262146,0,1,-0.9866431951522827,-0.0756138488650322,0.14428047835826874,0,0.11674582958221436,-0.9459375143051147,0.30260851979255676,0,0.11359897255897522,0.31541088223457336,0.9421307444572449,0,-0.1886799931526184,-0.11030100286006927,0.0012339999666437507,1,0.9886772632598877,-0.1497347205877304,-0.009877175092697144,0,0.07288911938667297,0.5367264747619629,-0.8406018614768982,0,0.13116860389709473,0.8303638696670532,0.5415631532669067,0,0,0.6277170181274414,0,1,0.8848229646682739,0.2871735692024231,-0.36690500378608704,0,0.3866614103317261,-0.013210649602115154,0.9221271872520447,0,0.2599635422229767,-0.9577875137329102,-0.12272804230451584,0,0,0.5470679998397827,0,1,0.9984467625617981,0.00776456855237484,-0.05517658591270447,0,0.03398875147104263,0.6998087167739868,0.7135213017463684,0,0.044153228402137756,-0.7142881751060486,0.6984575986862183,0,0,0.3589859902858734,0,1
K0.069,0.9611749053001404,-0.012688221409916878,0.2756493091583252,0,-0.0327235572040081,0.9866524934768677,0.15952126681804657,0,-0.2739938199520111,-0.16234788298606873,0.947929322719574,0,0.027311407029628754,1.3649109601974487,-0.028973905369639397,1,0.9986384510993958,0.008295878767967224,0.05150104686617851,0,-0.01368396170437336,0.9943599700927734,0.10516755282878876,0,-0.05033813416957855,-0.1057291328907013,0.9931197762489319,0,0,0.19809600710868835,-0.00393499992787838,1,0.9998963475227356,0.0020713405683636665,0.014257398433983326,0,-0.002674778923392296,0.9990952014923096,0.04243657365441322,0,-0.014156595803797245,-0.0424702987074852,0.9989970326423645,0,0,0.23115800321102142,0,1,0.9998942017555237,0.0020229946821928024,0.014414275996387005,0,-0.0026326621882617474,0.9990972280502319,0.04240347445011139,0,-0.01431548222899437,-0.04243694245815277,0.998996913433075,0,0,0.264180988073349,0,1,0.9978830814361572,0.030152898281812668,-0.05761243775486946,0,-0.02185138687491417,0.9899615049362183,0.13964134454727173,0,0.0612446665763855,-0.13808679580688477,0.9885243773460388,0,0,0.297203004360199,0,1,0.944141685962677,0.1888236105442047,-0.27007654309272766,0,-0.18172553181648254,0.9820111393928528,0.05129000544548035,0,0.274902880191803,0.0006547684315592051,0.961471676826477,0,0,0.24097700417041779,-0.0019340000580996275,1,0.43106985092163086,0.029843173921108246,-0.9018252491950989,0,0.8941343426704407,-0.14843471348285675,0.4224815368652344,0,-0.12125404179096222,-0.9884718656539917,-0.09066948294639587,0,0.10724399983882904,0.2594340145587921,-0.0016680000117048621,1,0.24073684215545654,0.5380741953849792,0.8077878355979919,0,-0.7919847369194031,0.5900136828422546,-0.15698577463626862,0,-0.5610759258270264,-0.6019634008407593,0.5681845545768738,0,0,0.2264699935913086,0,1,0.7895954847335815,0.613590657711029,0.006765043828636408,0,-0.6135984659194946,0.789401650428772,0.01848362758755684,0,0.006001044064760208,-0.018745604902505875,0.9998061060905457,0,0,0.5252609848976135,0,1,-0.40873509645462036,-0.23476490378379822,0.8819420337677002,0,0.1424652338027954,0.9380906224250793,0.31573647260665894,0,-0.9014654159545898,0.2546986937522888,-0.349984735250473,0,0,0.4727329909801483,0,1,0.92427659034729,0.3516599237918854,-0.14848533272743225,0,-0.28149670362472534,0.8906435966491699,0.35709136724472046,0,0.2578222453594208,-0.2882530689239502,0.9221922755241394,0,-0.07597500085830688,0.07565300166606903,0,1,0.9356540441513062,-0.13094253838062286,-0.3277270793914795,0,0.13996873795986176,0.9901477098464966,0.003996803425252438,0,0.323975145816803,-0.04961121454834938,0.9447644352912903,0,-0.008275999687612057,0.08537399768829346,0,1,0.8250243067741394,0.5637944340705872,-0.03835359215736389,0,-0.5647328495979309,0.820153534412384,-0.09178520739078522,0,-0.02029215544462204,0.09738455712795258,0.9950397610664368,0,-0.015286000445485115,0.09925399720668793,0,1,0.995952844619751,0.06905519217252731,0.05753237381577492,0,-0.08977413922548294,0.7954768538475037,0.5992974638938904,0,-0.0043810592032969,-0.6020365953445435,0.7984561920166016,0,0,0.13799099624156952,0.0016250000335276127,1,0.9971097707748413,0.06654965877532959,0.036645058542490005,0,-0.06522831320762634,0.5026416182518005,0.862030565738678,0,0.03894852101802826,-0.8619296550750732,0.5055299401283264,0,0.0022640000097453594,0.1467909961938858,0,1,0.997912585735321,0.06407135725021362,0.008019703440368176,0,-0.06183328852057457,0.9124155044555664,0.4045669734477997,0,0.018603863194584846,-0.40421849489212036,0.9144728779792786,0,-0.002400999888777733,0.12428200244903564,0,1,0.10597051680088043,-0.012122503481805325,0.9942951202392578,0,-0.9175926446914673,-0.386470764875412,0.09308380633592606,0,0.3831375241279602,-0.9222218990325928,-0.052078019827604294,0,-0.10724399983882904,0.2593980133533478,0.00016700000560376793,1,0.49662789702415466,-0.7357631325721741,-0.46044921875,0,0.8305897116661072,0.24886475503444672,0.4981841444969177,0,-0.2519558370113373,-0.6298561692237854,0.7347100973129272,0,0,0.2264699935913086,0,1,-0.186793714761734,-0.9820257425308228,-0.02709178254008293,0,0.982046902179718,-0.18739397823810577,0.02161204256117344,0,-0.026300417259335518,-0.022568408399820328,0.9993993043899536,0,0,0.5251560211181641,0,1,0.7875293493270874,0.5955002903938293,-0.15867185592651367,0,-0.6161434054374695,0.7661744952201843,-0.1826021820306778,0,0.012830683030188084,0.24156935513019562,0.9702991247177124,0,0,0.4728040099143982,0,1,0.8594337701797485,-0.5077846646308899,0.059391289949417114,0,0.38795897364616394,0.7234228849411011,0.5710940361022949,0,-0.33295777440071106,-0.4677760601043701,0.8187335729598999,0,0.07543099671602249,0.072052001953125,0,1,0.7353663444519043,0.5997233986854553,0.31554239988327026,0,-0.5804694294929504,0.797721803188324,-0.16338449716567993,0,-0.3497008681297302,-0.06301532685756683,0.9347397089004517,0,0.00254400004632771,0.08341199904680252,0,1,0.8583695292472839,0.5130176544189453,-0.003790099872276187,0,-0.5088033676147461,0.8503252863883972,-0.13441167771816254,0,-0.06573276221752167,0.11730334162712097,0.9909186959266663,0,0.020114999264478683,0.09917700290679932,0,1,0.9949309825897217,-0.09699815511703491,-0.026540128514170647,0,0.10044623911380768,0.9712799787521362,0.21570056676864624,0,0.004855337552726269,-0.21727290749549866,0.9760990738868713,0,0,0.15002499520778656,0.0011129999766126275,1,0.999987006187439,0.003962242044508457,0.003126064781099558,0,-0.005024065263569355,0.8404189944267273,0.5419135093688965,0,-0.0004800118913408369,-0.5419226884841919,0.8404287695884705,0,-0.002773999935016036,0.1543159931898117,0,1,0.9911290407180786,-0.13063986599445343,-0.02441101334989071,0,0.12554016709327698,0.8600257635116577,0.4945653975009918,0,-0.043615859001874924,-0.4932427406311035,0.8687971830368042,0,0.00571299996227026,0.1145310029387474,0,1,-0.9815095663070679,0.06897091865539551,0.17855320870876312,0,0.09154858440160751,-0.6500608921051025,0.7543472051620483,0,0.16809847950935364,0.7567453980445862,0.6317268013954163,0,0.1886799931526184,-0.11030100286006927,-0.0026910000015050173,1,0.9985021948814392,0.01309699285775423,0.053114570677280426,0,0.04979836195707321,0.1843055784702301,-0.9816067814826965,0,-0.022645406424999237,0.9827814102172852,0.18337731063365936,0,0,0.6274679899215698,0,1,0.9674657583236694,0.0334770604968071,0.25077682733535767,0,-0.25297099351882935,0.14340178668498993,0.9567874073982239,0,-0.003931425977498293,-0.9890984296798706,0.14720506966114044,0,0,0.5465649962425232,0,1,0.9997723698616028,0.0013517155312001705,0.02128051035106182,0,-0.013410557061433792,0.8157709240913391,0.5782198309898376,0,-0.016578434035182,-0.5783736109733582,0.8156034350395203,0,0,0.360617995262146,0,1,-0.9917240142822266,-0.059904806315898895,0.11355822533369064,0,0.08116739243268967,-0.9778318405151367,0.19301840662956238,0,0.0994781032204628,0.20063817501068115,0.9746015071868896,0,-0.1886799931526184,-0.11030100286006927,0.0012339999666437507,1,0.9841726422309875,-0.17561663687229156,-0.0237436443567276,0,0.10152705758810043,0.6685688495635986,-0.7366874814033508,0,0.14524874091148376,0.7226165533065796,0.6758164763450623,0,0,0.6277170181274414,0,1,0.8927668929100037,0.2870633900165558,-0.34721997380256653,0,0.34286656975746155,0.06702875345945358,0.936989426612854,0,0.2922491431236267,-0.9555633664131165,-0.038583386689424515,0,0,0.5470679998397827,0,1,0.9979311227798462,0.010997842065989971,-0.06334835290908813,0,0.03984987735748291,0.6674070358276367,0.7436257600784302,0,0.0504574254155159,-0.744611918926239,0.6655881404876709,0,0,0.3589859902858734,0,1
K0.104,0.9637997150421143,-0.009291115216910839,0.26646503806114197,0,-0.04271319508552551,0.9811050295829773,0.18870213627815247,0,-0.2631833553314209,-0.1932525634765625,0.945191502571106,0,0.024964114651083946,1.3978110551834106,-0.037731923162937164,1,0.9984384775161743,0.000279737520031631,0.055856212973594666,0,-0.0056169284507632256,0.9954215288162231,0.09541822969913483,0,-0.05557379126548767,-0.095582976937294,0.993868887424469,0,0,0.19809600710868835,-0.00393499992787838,1,0.9998884797096252,0.0005308068939484656,0.014957170002162457,0,-0.0010866315569728613,0.9993079900741577,0.037177544087171555,0,-0.014927087351679802,-0.037189655005931854,0.9991971850395203,0,0,0.23115800321102142,0,1,0.9998854994773865,0.0004983002436347306,0.01514098048210144,0,-0.0010606382275000215,0.9993089437484741,0.037154845893383026,0,-0.015112003311514854,-0.03716665133833885,0.9991950392723083,0,0,0.264180988073349,0,1,0.9976705312728882,0.040462084114551544,-0.05491325631737709,0,-0.03271809220314026,0.9902722835540771,0.1352425217628479,0,0.05985131114721298,-0.13313090801239014,0.9892899990081787,0,0,0.297203004360199,0,1,0.9422512650489807,0.1835702359676361,-0.2801160514354706,0,-0.17576321959495544,0.9830061197280884,0.052969325333833694,0,0.28507938981056213,-0.000676311959978193,0.9585035443305969,0,0,0.24097700417041779,-0.0019340000580996275,1,0.5280828475952148,0.0561857596039772,-0.8473318815231323,0,0.8477475047111511,-0.0930740237236023,0.5221701860427856,0,-0.049526095390319824,-0.9940722584724426,-0.09678206592798233,0,0.10724399983882904,0.2594340145587921,-0.0016680000117048621,1,0.27082327008247375,0.46339449286460876,0.8437533974647522,0,-0.7117363810539246,0.6865475177764893,-0.14860691130161285,0,-0.6481404304504395,-0.5602838397026062,0.5157477855682373,0,0,0.2264699935913086,0,1,0.7887415885925293,0.6146875619888306,0.006790453568100929,0,-0.6146956086158752,0.7885473370552063,0.018516290932893753,0,0.0060271406546235085,-0.01877862773835659,0.999805748462677,0,0,0.5252609848976135,0,1,-0.4045115113258362,-0.24122580885887146,0.8821451663970947,0,0.13908939063549042,0.9371371865272522,0.3200435936450958,0,-0.9038938879966736,0.25215837359428406,-0.34553083777427673,0,0,0.4727329909801483,0,1,0.9238930940628052,0.35316890478134155,-0.14728954434394836,0,-0.2832496464252472,0.8899999856948853,0.3573092520236969,0,0.25727808475494385,-0.2883957028388977,0.9222993850708008,0,-0.07597500085830688,0.07565300166606903,0,1,0.9380167126655579,-0.11752933263778687,-0.3260539174079895,0,0.12208013236522675,0.9924986362457275,-0.006546470802277327,0,0.32437771558761597,-0.033664025366306305,0.9453290104866028,0,-0.008275999687612057,0.08537399768829346,0,1,0.8282874822616577,0.559211790561676,-0.03496161103248596,0,-0.5598970651626587,0.8236968517303467,-0.08966168016195297,0,-0.021342089399695396,0.09384052455425262,0.9953585863113403,0,-0.015286000445485115,0.09925399720668793,0,1,0.9960932731628418,0.06809096783399582,0.05622883886098862,0,-0.08818581700325012,0.8003137111663818,0.5930615663528442,0,-0.004618567880243063,-0.5957029461860657,0.8031913638114929,0,0,0.13799099624156952,0.0016250000335276127,1,0.9971327185630798,0.06633778661489487,0.03639824315905571,0,-0.06502500921487808,0.5052499175071716,0.8605195879936218,0,0.03869478031992912,-0.8604196310043335,0.5081151723861694,0,0.0022640000097453594,0.1467909961938858,0,1,0.997933566570282,0.0637633427977562,0.007879814133048058,0,-0.06155306473374367,0.9136993885040283,0.4017024636268616,0,0.018414124846458435,-0.40135765075683594,0.9157367944717407,0,-0.002400999888777733,0.12428200244903564,0,1,0.10331400483846664,-0.011808766983449459,0.9945788383483887,0,-0.914905846118927,-0.3934217095375061,0.09036669880151749,0,0.39022186398506165,-0.9192824363708496,-0.0514499694108963,0,-0.10724399983882904,0.2593980133533478,0.00016700000560376793,1,0.4814990758895874,-0.7328988909721375,-0.480643093585968,0,0.8446696996688843,0.24170969426631927,0.4776078462600708,0,-0.23386220633983612,-0.6359524130821228,0.7354405522346497,0,0,0.2264699935913086,0,1,-0.1299835443496704,-0.9911794662475586,-0.02584131248295307,0,0.9912005662918091,-0.13055503368377686,0.02181403897702694,0,-0.02499535121023655,-0.02277846448123455,0.9994280338287354,0,0,0.5251560211181641,0,1,0.8086519837379456,0.5622312426567078,-0.17314380407333374,0,-0.5864856243133545,0.793484628200531,-0.16252917051315308,0,0.046007975935935974,0.23297592997550964,0.9713935852050781,0,0,0.4728040099143982,0,1,0.8595088124275208,-0.507510244846344,0.060643911361694336,0,0.3878609836101532,0.7248989343643188,0.5692853927612305,0,-0.3328787684440613,-0.4657842218875885,0.8199000954627991,0,0.07543099671602249,0.072052001953125,0,1,0.7347760796546936,0.6003082990646362,0.31580862402915955,0,-0.5811840891838074,0.7972352504730225,-0.16322147846221924,0,-0.3497566878795624,-0.06361165642738342,0.9346782565116882,0,0.00254400004632771,0.08341199904680252,0,1,0.8598595857620239,0.5105124711990356,-0.004352264106273651,0,-0.5063103437423706,0.8516260981559753,-0.1355840563774109,0,-0.06551084667444229,0.11878684908151627,0.990756630897522,0,0.020114999264478683,0.09917700290679932,0,1,0.9950166344642639,-0.09617302566766739,-0.026326319202780724,0,0.09959349781274796,0.971401572227478,0.21554724872112274,0,0.004843595903366804,-0.2170950174331665,0.9761388301849365,0,0,0.15002499520778656,0.0011129999766126275,1,0.999987006187439,0.003965569194406271,0.003127142321318388,0,-0.005027431063354015,0.8404372334480286,0.5418858528137207,0,-0.00047928086132742465,-0.5418946146965027,0.8404462933540344,0,-0.002773999935016036,0.1543159931898117,0,1,0.9911290407180786,-0.13063952326774597,-0.024411950260400772,0,0.1255403608083725,0.8600258827209473,0.4945659935474396,0,-0.0436149500310421,-0.4932432472705841,0.8687969446182251,0,0.00571299996227026,0.1145310029387474,0,1,-0.9862632155418396,0.0808015763759613,0.14406763017177582,0,0.06441173702478409,-0.6150091886520386,0.7858853340148926,0,0.15210361778736115,0.7843691110610962,0.6013560891151428,0,0.1886799931526184,-0.11030100286006927,-0.0026910000015050173,1,0.9988923072814941,0.02355390414595604,0.04072437062859535,0,0.025551626458764076,0.45521241426467896,-0.8900163769721985,0,-0.03950159624218941,0.8900710344314575,0.45410633087158203,0,0,0.6274679899215698,0,1,0.9697005152702332,-0.028547046706080437,0.24262182414531708,0,-0.23765087127685547,0.11982621997594833,0.9639315605163574,0,-0.05658986046910286,-0.9923845529556274,0.10941135138273239,0,0,0.5465649962425232,0,1,0.9998913407325745,0.002444340381771326,0.014525647275149822,0,-0.010026272386312485,0.8353688716888428,0.5495973229408264,0,-0.010790875181555748,-0.5496834516525269,0.8353028893470764,0,0,0.360617995262146,0,1,-0.996599018573761,-0.04012702405452728,0.07197322696447372,0,0.04566961154341698,-0.9959777593612671,0.07709349691867828,0,0.06859015673398972,0.08011823147535324,0.9944223165512085,0,-0.1886799931526184,-0.11030100286006927,0.0012339999666437507,1,0.9791457056999207,-0.19638696312904358,-0.05202282965183258,0,0.12783117592334747,0.7945736050605774,-0.5935577750205994,0,0.15790298581123352,0.5745294690132141,0.8031077980995178,0,0,0.6277170181274414,0,1,0.9077832698822021,0.27766507863998413,-0.3143746852874756,0,0.26623910665512085,0.19771166145801544,0.9434127807617188,0,0.3241083323955536,-0.9401131272315979,0.1055540144443512,0,0,0.5470679998397827,0,1,0.9971182942390442,0.01617114432156086,-0.07411777228116989,0,0.047933392226696014,0.6229689717292786,0.7807760834693909,0,0.0587991401553154,-0.7820791006088257,0.6203988790512085,0,0,0.3589859902858734,0,1
