6.033,30,181,41
B0,mixamorig_Hips,-1,0.9997580051422119,0.007332056760787964,0.02074594236910343,0,0.011191078461706638,0.6423550844192505,-0.7663259506225586,0,-0.018944991752505302,0.76637202501297,0.6421170234680176,0,0.001319000031799078,0.19208499789237976,-0.06021500006318092,1
B1,mixamorig_Spine,0,0.999908983707428,-0.012891924008727074,-0.0038988140877336264,0,0.013346104882657528,0.9873440265655518,0.15802910923957825,0,0.0018121728207916021,-0.15806689858436584,0.9874269962310791,0,0,0.20184600353240967,-0.00443200021982193,1
B2,mixamorig_Spine1,1,0.9996790885925293,-0.022177746519446373,-0.012272139079868793,0,0.02508418820798397,0.9351398944854736,0.35338929295539856,0,0.003638789290562272,-0.3535836935043335,0.9353960752487183,0,0,0.23554399609565735,0,1
B3,mixamorig_Spine2,2,0.9996790885925293,-0.022177746519446373,-0.012272139079868793,0,0.02508418820798397,0.9351398944854736,0.35338929295539856,0,0.003638789290562272,-0.3535836935043335,0.9353960752487183,0,0,0.26919299364089966,0,1
B4,mixamorig_Neck,3,0.9973249435424805,0.0642092153429985,0.03494001924991608,0,-0.06159180775284767,0.995542049407959,-0.07143457233905792,0,-0.03937099128961563,0.06909141689538956,0.9968330264091492,0,0,0.30284199118614197,0,1
B5,mixamorig_Head,4,0.9999399185180664,0.010971812531352043,-0.00002992855843331199,0,-0.01092619076371193,0.9955259561538696,-0.09385314583778381,0,-0.0009999445173889399,0.0938478335738182,0.9955859780311584,0,0,0.3297629952430725,-0.0025820001028478146,1
B6,mixamorig_HeadTop_End,5,1,0,0,0,0,1,0,0,0,0,1,0,0,0.9484109878540039,-0.007424999959766865,1
B7,mixamorig_LeftShoulder,3,-0.09257996082305908,-0.01959083415567875,-0.9955130219459534,0,0.9069859385490417,-0.41421037912368774,-0.07619583606719971,0,-0.4108588695526123,-0.9099701046943665,0.05611608549952507,0,0.10646799951791763,0.2636919915676117,-0.001724999980069697,1
B8,mixamorig_LeftArm,7,0.8512228727340698,0.482430100440979,-0.20659437775611877,0,-0.23469607532024384,0.7020367980003357,0.672356128692627,0,0.46940165758132935,-0.5238379836082458,0.7108141779899597,0,0,0.22705300152301788,0,1
B9,mixamorig_LeftForeArm,8,0.21985389292240143,0.9752340912818909,0.024161582812666893,0,-0.9752361178398132,0.21910808980464935,0.030120957642793655,0,0.024080954492092133,-0.03018542006611824,0.9992539286613464,0,0,0.5402770042419434,0,1
B10,mixamorig_LeftHand,9,0.0036120086442679167,0.0792120024561882,-0.9968510270118713,0,-0.3643680214881897,0.9284319877624512,0.0724550187587738,0,0.9312480092048645,0.36295902729034424,0.03221583366394043,0,0,0.4967939853668213,0,1
B11,mixamorig_LeftHandThumb1,10,0.9191138744354248,0.38966313004493713,-0.058239202946424484,0,-0.3540028929710388,0.8816429376602173,0.3120710551738739,0,0.17294874787330627,-0.26621198654174805,0.9482720494270325,0,-0.08185800164937973,0.04394900053739548,0,1
B12,mixamorig_LeftHandThumb2,11,0.9974110126495361,-0.07181022316217422,-0.0039043317083269358,0,0.07191574573516846,0.9957330226898193,0.057818956673145294,0,-0.0002643203770276159,-0.05795002356171608,0.9983189702033997,0,-0.009142999537289143,0.07376299798488617,0,1
B13,mixamorig_LeftHandThumb3,12,0.9922300577163696,0.12416274100542068,-0.007894720882177353,0,-0.12415926158428192,0.9922620058059692,0.000939234858378768,0,0.007950248196721077,0.00004826571966987103,0.9999679923057556,0,-0.0005629999795928597,0.09730099886655807,0,1
B14,mixamorig_LeftHandThumb4,13,1,0,0,0,0,1,0,0,0,0,1,0,0.009705999866127968,0.08156999945640564,0,1
B15,mixamorig_LeftHandIndex1,10,0.9633830189704895,0.2140072137117386,0.16153904795646667,0,-0.26805782318115234,0.7546890377998352,0.5988240838050842,0,0.006240911316126585,-0.6201980113983154,0.7844200134277344,0,0,0.1151529997587204,0.0015910000074654818,1
B16,mixamorig_LeftHandIndex2,15,0.9992870092391968,0.036712825298309326,0.008811023086309433,0,-0.03694714978337288,0.9028661251068115,0.4283318519592285,0,0.007770101074129343,-0.42835208773612976,0.9035788774490356,0,0.00355900009162724,0.14229199290275574,0,1
B17,mixamorig_LeftHandIndex3,16,0.9989979863166809,0.044610414654016495,-0.003530642716214061,0,-0.044610586017370224,0.9990040063858032,0.000027257165129412897,0,0.0035283456090837717,0.0001302743039559573,0.9999939799308777,0,-0.004298000130802393,0.11636000126600266,0,1
B18,mixamorig_LeftHandIndex4,17,1,0,0,0,0,1,0,0,0,0,1,0,0.0007389999809674919,0.0909150019288063,0,1
B19,mixamorig_RightShoulder,3,-0.00776715436950326,0.12455572932958603,0.9921820163726807,0,-0.7894100546836853,-0.6098189353942871,0.07037516683340073,0,0.613817036151886,-0.7826919555664062,0.10306209325790405,0,-0.10646799951791763,0.2636539936065674,0.000004999999873689376,1
B20,mixamorig_RightArm,19,0.8857359886169434,-0.171794131398201,0.43122991919517517,0,-0.12961803376674652,0.8005071878433228,0.585139811038971,0,-0.4457259476184845,-0.574174165725708,0.6867699027061462,0,0,0.22705300152301788,0,1
B21,mixamorig_RightForeArm,20,0.009572209790349007,-0.9996150732040405,-0.026056883856654167,0,0.9996330738067627,0.008905748836696148,0.025573955848813057,0,-0.025332042947411537,-0.026292113587260246,0.9993330240249634,0,0,0.5401849746704102,0,1
B22,mixamorig_RightHand,21,0.08964221179485321,0.16072283685207367,0.9829199910163879,0,0.4232938885688782,0.8871790766716003,-0.18367205560207367,0,-0.9015469551086426,0.4325290620326996,0.011495708487927914,0,0,0.4968239963054657,0,1
B23,mixamorig_RightHandThumb1,22,0.9545648694038391,-0.2698763906955719,0.12638409435749054,0,0.2235945612192154,0.9289860129356384,0.2949412763118744,0,-0.1970067173242569,-0.25328174233436584,0.9471201300621033,0,0.08952900022268295,0.05150499939918518,0,1
B24,mixamorig_RightHandThumb2,23,0.9957219362258911,-0.09240113198757172,0.0005572272930294275,0,0.09238686412572861,0.9956440329551697,0.01257565151900053,0,-0.0017168042249977589,-0.012470369227230549,0.9999210238456726,0,0.01981399953365326,0.08021900057792664,0,1
B25,mixamorig_RightHandThumb3,24,0.9377700090408325,-0.34557825326919556,-0.034112170338630676,0,0.3453877568244934,0.9383890628814697,-0.01150909997522831,0,0.035987794399261475,-0.0009890388464555144,0.999351978302002,0,0.0024770000018179417,0.09086299687623978,0,1
B26,mixamorig_RightHandThumb4,25,1,0,0,0,0,1,0,0,0,0,1,0,-0.022290999069809914,0.06606300175189972,0,1
B27,mixamorig_RightHandIndex1,22,0.9995449781417847,-0.026654919609427452,-0.014120606705546379,0,0.029857205227017403,0.9408859610557556,0.33740606904029846,0,0.004292346071451902,-0.33767393231391907,0.9412530064582825,0,0,0.11305999755859375,0.001303000026382506,1
B28,mixamorig_RightHandIndex2,27,0.9998239874839783,0.01873593032360077,0.00026698154397308826,0,-0.017950069159269333,0.9536049962043762,0.300523966550827,0,0.0053760032169520855,-0.3004760146141052,0.9537739753723145,0,-0.00254100002348423,0.15283699333667755,0,1
B29,mixamorig_RightHandIndex3,28,0.9957559704780579,-0.09192590415477753,0.004378038924187422,0,0.09192608296871185,0.9957659244537354,0.00016808682994451374,0,-0.004374952521175146,0.00023508243612013757,0.9999899864196777,0,0.006070000119507313,0.11340600252151489,0,1
B30,mixamorig_RightHandIndex4,29,1,0,0,0,0,1,0,0,0,0,1,0,-0.0035290000960230827,0.09126099944114685,0,1
B31,mixamorig_LeftUpLeg,0,-0.6258200407028198,0.5755470991134644,0.526397705078125,0,0.05177731066942215,-0.6427519917488098,0.7643219232559204,0,0.778247058391571,0.5055837631225586,0.37244707345962524,0,0.1860329955816269,-0.11189699918031693,-0.003965000156313181,1
B32,mixamorig_LeftLeg,31,0.9920589327812195,-0.05779918283224106,-0.11170519143342972,0,0.03675087168812752,0.9826040863990784,-0.18203884363174438,0,0.12028376758098602,0.17648813128471375,0.9769260287284851,0,0,0.6513429880142212,0,1
B33,mixamorig_LeftFoot,32,0.8613168597221375,0.4749142825603485,0.18052873015403748,0,-0.5077378153800964,0.8174090385437012,0.27211111783981323,0,-0.0183363426476717,-0.3260350823402405,0.9451799392700195,0,0,0.5067660212516785,0,1
B34,mixamorig_LeftToeBase,33,0.9997689723968506,0.00030955448164604604,0.021490801125764847,0,-0.01329268142580986,0.7946358919143677,0.6069400310516357,0,-0.01688949391245842,-0.6070859432220459,0.7944571375846863,0,0,0.3611550033092499,0,1
B35,mixamorig_LeftToe_End,34,1,0,0,0,0,1,0,0,0,0,1,0,0,0.13561299443244934,0,1
B36,mixamorig_RightUpLeg,0,-0.9571822285652161,-0.2015155404806137,-0.20783309638500214,0,-0.01824064925312996,-0.6745239496231079,0.7380281090736389,0,-0.2889123260974884,0.7102178931236267,0.641965925693512,0,-0.1860329955816269,-0.11189699918031693,-0.0019519999623298645,1
B37,mixamorig_RightLeg,36,0.9825649857521057,0.06106260418891907,0.17560707032680511,0,-0.03660237044095993,0.9895740151405334,-0.1392982304096222,0,-0.182281956076622,0.1304418295621872,0.9745550155639648,0,0,0.6512380242347717,0,1
B38,mixamorig_RightFoot,37,0.9476470351219177,-0.1522587388753891,-0.28068092465400696,0,0.2970582842826843,0.7428037524223328,0.5999981164932251,0,0.11713600903749466,-0.6519656777381897,0.7491462230682373,0,0,0.5072460174560547,0,1
B39,mixamorig_RightToeBase,38,0.9996139407157898,0.0013154669431969523,-0.02773921750485897,0,0.015869230031967163,0.792661190032959,0.6094557642936707,0,0.02278953790664673,-0.6096611618995667,0.7923349142074585,0,0,0.35923901200294495,0,1
B40,mixamorig_RightToe_End,39,1,0,0,0,0,1,0,0,0,0,1,0,0,0.13514000177383423,0,1
@34,0,1,2,3,4,5,7,8,9,10,11,12,13,15,16,17,19,20,21,22,23,24,25,27,28,29,31,32,33,34,36,37,38,39
K0,0.9997580051422119,0.007332084234803915,0.02074597030878067,0,0.011191083118319511,0.6423550248146057,-0.7663259506225586,0,-0.018945029005408287,0.76637202501297,0.6421169638633728,0,0.001319000031799078,0.19208499789237976,-0.06021500006318092,1,0.999908983707428,-0.01289190910756588,-0.0038988192100077868,0,0.013346090912818909,0.9873440265655518,0.15802910923957825,0,0.001812180271372199,-0.15806689858436584,0.9874269962310791,0,0,0.20184600353240967,-0.00443200021982193,1,0.9996790885925293,-0.022177772596478462,-0.012272181920707226,0,0.025084227323532104,0.9351398944854736,0.35338929295539856,0,0.0036388197913765907,-0.3535836935043335,0.9353960752487183,0,0,0.23554399609565735,0,1,0.9996790885925293,-0.022177772596478462,-0.012272181920707226,0,0.025084227323532104,0.9351398944854736,0.35338929295539856,0,0.0036388197913765907,-0.3535836935043335,0.9353960752487183,0,0,0.26919299364089966,0,1,0.9973249435424805,0.06420920789241791,0.03494001552462578,0,-0.061591800302267075,0.995542049407959,-0.07143457233905792,0,-0.039370983839035034,0.06909141689538956,0.9968330264091492,0,0,0.30284199118614197,0,1,0.9999399185180664,0.01097180973738432,-0.00002993642192450352,0,-0.010926187969744205,0.9955259561538696,-0.09385314583778381,0,-0.000999936368316412,0.0938478335738182,0.9955859780311584,0,0,0.3297629952430725,-0.0025820001028478146,1,-0.09257956594228745,-0.01959073357284069,-0.9955130219459534,0,0.9069859981536865,-0.41421008110046387,-0.07619559019804001,0,-0.4108586609363556,-0.9099701046943665,0.056115902960300446,0,0.10646799951791763,0.2636919915676117,-0.001724999980069697,1,0.8512229323387146,0.48243001103401184,-0.20659439265727997,0,-0.23469604551792145,0.7020369172096252,0.6723560094833374,0,0.4694015681743622,-0.5238379240036011,0.7108142971992493,0,0,0.22705300152301788,0,1,0.21985389292240143,0.9752340912818909,0.024161620065569878,0,-0.9752361178398132,0.21910808980464935,0.030120622366666794,0,0.02408061921596527,-0.030185382813215256,0.9992539882659912,0,0,0.5402770042419434,0,1,0.0036120086442679167,0.0792120099067688,-0.9968510270118713,0,-0.3643680214881897,0.9284319877624512,0.0724550262093544,0,0.9312480688095093,0.36295902729034424,0.03221583738923073,0,0,0.4967939853668213,0,1,0.9191138744354248,0.38966313004493713,-0.05823923647403717,0,-0.35400286316871643,0.8816429376602173,0.3120710551738739,0,0.17294876277446747,-0.26621192693710327,0.9482720494270325,0,-0.08185800164937973,0.04394900053739548,0,1,0.9974110126495361,-0.07181023806333542,-0.003904326818883419,0,0.07191576063632965,0.9957330226898193,0.05781896784901619,0,-0.00026432680897414684,-0.057950034737586975,0.9983189702033997,0,-0.009142999537289143,0.07376299798488617,0,1,0.9922300577163696,0.12416274100542068,-0.007894734852015972,0,-0.12415926158428192,0.9922620058059692,0.0009392512147314847,0,0.007950264029204845,0.00004825122232432477,0.9999679923057556,0,-0.0005629999795928597,0.09730099886655807,0,1,0.9633830189704895,0.2140072137117386,0.1615389734506607,0,-0.26805779337882996,0.7546890377998352,0.5988240838050842,0,0.006240971386432648,-0.6201980113983154,0.7844200134277344,0,0,0.1151529997587204,0.0015910000074654818,1,0.9992870092391968,0.03671283274888992,0.008811065927147865,0,-0.03694717213511467,0.9028661251068115,0.4283318817615509,0,0.007770065683871508,-0.42835211753845215,0.9035788774490356,0,0.00355900009162724,0.14229199290275574,0,1,0.9989979863166809,0.044610414654016495,-0.003530648769810796,0,-0.044610586017370224,0.9990040063858032,0.000027265868993708864,0,0.0035283518955111504,0.00013026587839704007,0.9999939799308777,0,-0.004298000130802393,0.11636000126600266,0,1,-0.007767095230519772,0.12455569207668304,0.9921820759773254,0,-0.7894102334976196,-0.6098187565803528,0.07037518918514252,0,0.6138168573379517,-0.7826921343803406,0.10306199640035629,0,-0.10646799951791763,0.2636539936065674,0.000004999999873689376,1,0.8857359290122986,-0.1717941164970398,0.43123000860214233,0,-0.12961812317371368,0.800507128238678,0.5851398706436157,0,-0.4457259774208069,-0.5741742253303528,0.6867698431015015,0,0,0.22705300152301788,0,1,0.009572209790349007,-0.999614953994751,-0.026056930422782898,0,0.9996330142021179,0.008905750699341297,0.025573845952749252,0,-0.025331933051347733,-0.026292158290743828,0.9993330240249634,0,0,0.5401849746704102,0,1,0.08964221924543381,0.1607227772474289,0.9829199910163879,0,0.4232937693595886,0.8871791362762451,-0.1836719959974289,0,-0.9015470147132874,0.43252894282341003,0.011495760641992092,0,0,0.4968239963054657,0,1,0.9545648097991943,-0.2698764204978943,0.1263841837644577,0,0.2235945463180542,0.9289860129356384,0.2949412763118744,0,-0.19700682163238525,-0.25328171253204346,0.9471201300621033,0,0.08952900022268295,0.05150499939918518,0,1,0.9957219362258911,-0.09240113198757172,0.0005572121008299291,0,0.09238686412572861,0.9956440329551697,0.012575640343129635,0,-0.001716788043268025,-0.012470358982682228,0.9999210238456726,0,0.01981399953365326,0.08021900057792664,0,1,0.9377699494361877,-0.34557825326919556,-0.03411218896508217,0,0.3453877568244934,0.9383890628814697,-0.011509072966873646,0,0.03598780557513237,-0.0009890712099149823,0.999351978302002,0,0.0024770000018179417,0.09086299687623978,0,1,0.9995449781417847,-0.02665485441684723,-0.014120618812739849,0,0.029857147485017776,0.9408859610557556,0.33740606904029846,0,0.004292380064725876,-0.33767393231391907,0.9412530064582825,0,0,0.11305999755859375,0.001303000026382506,1,0.9998239874839783,0.01873592846095562,0.0002669923997018486,0,-0.017950071021914482,0.9536049962043762,0.3005239963531494,0,0.005375992506742477,-0.3004760444164276,0.9537739753723145,0,-0.00254100002348423,0.15283699333667755,0,1,0.9957559704780579,-0.09192590415477753,0.004378043580800295,0,0.09192608296871185,0.9957659244537354,0.00016808482178021222,0,-0.0043749562464654446,0.00023508483718615025,0.9999899864196777,0,0.006070000119507313,0.11340600252151489,0,1,-0.6258199214935303,0.5755472183227539,0.526397705078125,0,0.05177735164761543,-0.6427518725395203,0.76432204246521,0,0.7782471179962158,0.5055837631225586,0.3724468946456909,0,0.1860329955816269,-0.11189699918031693,-0.003965000156313181,1,0.9920589327812195,-0.05779916048049927,-0.1117052212357521,0,0.03675084188580513,0.9826040863990784,-0.18203885853290558,0,0.12028378248214722,0.17648814618587494,0.9769260287284851,0,0,0.6513429880142212,0,1,0.8613169193267822,0.4749142825603485,0.1805286556482315,0,-0.5077377557754517,0.8174091577529907,0.27211105823516846,0,-0.018336353823542595,-0.3260349631309509,0.9451799988746643,0,0,0.5067660212516785,0,1,0.9997690320014954,0.0003094868443440646,0.021490612998604774,0,-0.013292512856423855,0.7946358919143677,0.6069400310516357,0,-0.016889385879039764,-0.6070859432220459,0.7944571375846863,0,0,0.3611550033092499,0,1,-0.9571822285652161,-0.20151552557945251,-0.20783287286758423,0,-0.01824050582945347,-0.6745238900184631,0.7380281090736389,0,-0.2889121472835541,0.7102178931236267,0.6419659852981567,0,-0.1860329955816269,-0.11189699918031693,-0.0019519999623298645,1,0.9825649857521057,0.061062611639499664,0.17560705542564392,0,-0.03660238906741142,0.9895740151405334,-0.1392982006072998,0,-0.18228194117546082,0.1304417848587036,0.9745550155639648,0,0,0.6512380242347717,0,1,0.947646975517273,-0.1522587090730667,-0.28068098425865173,0,0.2970582842826843,0.7428037524223328,0.5999981760978699,0,0.11713605374097824,-0.6519657373428345,0.7491461634635925,0,0,0.5072460174560547,0,1,0.9996139407157898,0.0013153929030522704,-0.027739379554986954,0,0.015869390219449997,0.7926611304283142,0.6094557642936707,0,0.022789618000388145,-0.6096612215042114,0.7923349142074585,0,0,0.35923901200294495,0,1
K0.033,0.9997569918632507,0.007309793494641781,0.020778801292181015,0,0.011216795071959496,0.6429108381271362,-0.7658580541610718,0,-0.018957197666168213,0.7659057378768921,0.6426731944084167,0,0.001319000031799078,0.1920900046825409,-0.06019899994134903,1,0.999908983707428,-0.012885859236121178,-0.0038982334081083536,0,0.013340138830244541,0.9873350858688354,0.15808770060539246,0,0.0018117664149031043,-0.15812528133392334,0.9874169230461121,0,0,0.20184600353240967,-0.00443200021982193,1,0.9996790289878845,-0.022168785333633423,-0.012272072024643421,0,0.025076212361454964,0.9350979924201965,0.3534998297691345,0,0.0036389280576258898,-0.3536941409111023,0.9353539347648621,0,0,0.23554399609565735,0,1,0.9996790289878845,-0.022168785333633423,-0.012272072024643421,0,0.025076212361454964,0.9350979924201965,0.3534998297691345,0,0.0036389280576258898,-0.3536941409111023,0.9353539347648621,0,0,0.26919299364089966,0,1,0.9974349737167358,0.0631910040974617,0.03360786288976669,0,-0.06108500435948372,0.9963050484657288,-0.0603787824511528,0,-0.03729910030961037,0.058170996606349945,0.9976099729537964,0,0,0.30284199118614197,0,1,0.9999489784240723,0.00906970165669918,-0.004428485874086618,0,-0.009433211758732796,0.9958549737930298,-0.09046486765146255,0,0.003589641535654664,0.0905020609498024,0.9958900213241577,0,0,0.3297629952430725,-0.0025820001028478146,1,-0.088023841381073,-0.01875157654285431,-0.9959419965744019,0,0.9076521992683411,-0.41342467069625854,-0.07243660092353821,0,-0.41038867831230164,-0.9103451371192932,0.05341110751032829,0,0.10646799951791763,0.2636919915676117,-0.001724999980069697,1,0.8540121912956238,0.4781148135662079,-0.20510882139205933,0,-0.23193812370300293,0.7027968764305115,0.6725190877914429,0,0.46569114923477173,-0.5267668962478638,0.7110900282859802,0,0,0.22705300152301788,0,1,0.21725168824195862,0.9758141040802002,0.024255797266960144,0,-0.9758169054985046,0.21650348603725433,0.030125875025987625,0,0.02414579689502716,-0.030214127153158188,0.9992520213127136,0,0,0.5402770042419434,0,1,0.0023529452737420797,0.0785832330584526,-0.9969050288200378,0,-0.36416277289390564,0.9285220503807068,0.07233327627182007,0,0.9313319325447083,0.36286526918411255,0.03080182895064354,0,0,0.4967939853668213,0,1,0.9191138744354248,0.38966313004493713,-0.05823923647403717,0,-0.35400286316871643,0.8816429376602173,0.3120710551738739,0,0.17294876277446747,-0.26621192693710327,0.9482720494270325,0,-0.08185800164937973,0.04394900053739548,0,1,0.9974110722541809,-0.07180972397327423,-0.003904812503606081,0,0.07191526889801025,0.9957330226898193,0.0578189454972744,0,-0.0002638123987708241,-0.05795005336403847,0.9983189702033997,0,-0.009142999537289143,0.07376299798488617,0,1,0.992231011390686,0.12416230142116547,-0.007894238457083702,0,-0.12415871024131775,0.992262065410614,0.0009392176289111376,0,0.007949760183691978,0.00004821766560780816,0.9999679923057556,0,-0.0005629999795928597,0.09730099886655807,0,1,0.963383138179779,0.21400798857212067,0.16153877973556519,0,-0.26805803179740906,0.7546879053115845,0.5988240838050842,0,0.006241775117814541,-0.6201987862586975,0.7844201326370239,0,0,0.1151529997587204,0.0015910000074654818,1,0.9992870092391968,0.03671283274888992,0.008811065927147865,0,-0.03694717213511467,0.9028661251068115,0.4283318817615509,0,0.007770065683871508,-0.42835211753845215,0.9035788774490356,0,0.00355900009162724,0.14229199290275574,0,1,0.9989979863166809,0.044610414654016495,-0.003530137473717332,0,-0.044610586017370224,0.9990040063858032,0.000027754709662985988,0,0.003527863183990121,0.00012975471327081323,0.9999939799308777,0,-0.004298000130802393,0.11636000126600266,0,1,0.0013698381371796131,0.12237128615379333,0.9924830198287964,0,-0.7897095680236816,-0.6087366342544556,0.07614608854055405,0,0.6134790778160095,-0.7838780879974365,0.09580385684967041,0,-0.10646799951791763,0.2636539936065674,0.000004999999873689376,1,0.8820537328720093,-0.17408323287963867,0.4378092885017395,0,-0.12625516951084137,0.8079162836074829,0.5756126046180725,0,-0.4539179503917694,-0.5629971623420715,0.6906469464302063,0,0,0.22705300152301788,0,1,0.006560625042766333,-0.9996370673179626,-0.026117192581295967,0,0.9996570348739624,0.00589422881603241,0.02551138959825039,0,-0.02534819208085537,-0.02627561241388321,0.9993330240249634,0,0,0.5401849746704102,0,1,0.10324355959892273,0.1771182417869568,0.9787598252296448,0,0.4219450354576111,0.8832908868789673,-0.20435045659542084,0,-0.9007240533828735,0.4340808093547821,0.016459941864013672,0,0,0.4968239963054657,0,1,0.9559769630432129,-0.26496315002441406,0.12610502541065216,0,0.2214537113904953,0.9333911538124084,0.2823806405067444,0,-0.19252589344978333,-0.24202308058738708,0.9509779810905457,0,0.08952900022268295,0.05150499939918518,0,1,0.9958170056343079,-0.09136718511581421,0.0006749230669811368,0,0.09135077893733978,0.9957339763641357,0.01298097986727953,0,-0.0018580808537080884,-0.012865033932030201,0.9999160170555115,0,0.01981399953365326,0.08021900057792664,0,1,0.9377699494361877,-0.34557825326919556,-0.03411218896508217,0,0.3453877568244934,0.9383890628814697,-0.011509072966873646,0,0.03598780557513237,-0.0009890712099149823,0.999351978302002,0,0.0024770000018179417,0.09086299687623978,0,1,0.9995610117912292,-0.02612508088350296,-0.013970949687063694,0,0.029305899515748024,0.9410579204559326,0.33697208762168884,0,0.004344053100794554,-0.3372337818145752,0.941411018371582,0,0,0.11305999755859375,0.001303000026382506,1,0.9998310208320618,0.018401026725769043,0.00027112860698252916,0,-0.017622966319322586,0.9531029462814331,0.30213218927383423,0,0.005301127675920725,-0.30208587646484375,0.9532660841941833,0,-0.00254100002348423,0.15283699333667755,0,1,0.9957559704780579,-0.09192590415477753,0.004378043580800295,0,0.09192608296871185,0.9957659244537354,0.00016808482178021222,0,-0.0043749562464654446,0.00023508483718615025,0.9999899864196777,0,0.006070000119507313,0.11340600252151489,0,1,-0.6255504488945007,0.5761008858680725,0.5261127352714539,0,0.051554810255765915,-0.6423470973968506,0.7646780014038086,0,0.7784782648086548,0.5054680705070496,0.3721194863319397,0,0.1860329955816269,-0.11189699918031693,-0.003965000156313181,1,0.9920529127120972,-0.05770827829837799,-0.11180702596902847,0,0.03673671558499336,0.9827460646629333,-0.18127499520778656,0,0.12033896893262863,0.17572693526744843,0.9770560264587402,0,0,0.6513429880142212,0,1,0.8613660335540771,0.47500598430633545,0.18004661798477173,0,-0.5076630711555481,0.8175370693206787,0.27186694741249084,0,-0.018056359142065048,-0.32558009028434753,0.945341944694519,0,0,0.5067660212516785,0,1,0.9997689723968506,0.0003099883906543255,0.021490786224603653,0,-0.013293011114001274,0.7946361303329468,0.6069397330284119,0,-0.016889214515686035,-0.6070852875709534,0.7944568395614624,0,0,0.3611550033092499,0,1,-0.9570739269256592,-0.20196090638637543,-0.20789815485477448,0,-0.018177904188632965,-0.6740385293960571,0.7384723424911499,0,-0.28927385807037354,0.7105516195297241,0.6414334177970886,0,-0.1860329955816269,-0.11189699918031693,-0.0019519999623298645,1,0.9825599789619446,0.061010777950286865,0.17565402388572693,0,-0.03659222275018692,0.9896110892295837,-0.1390397548675537,0,-0.18231195211410522,0.13018721342086792,0.9745839834213257,0,0,0.6512380242347717,0,1,0.9477141499519348,-0.15227170288562775,-0.2804476320743561,0,0.29689428210258484,0.7429489493370056,0.5999009013175964,0,0.11701035499572754,-0.6517980694770813,0.7493119239807129,0,0,0.5072460174560547,0,1,0.9996140003204346,0.0013152231695130467,-0.02773888222873211,0,0.015869220718741417,0.7926611304283142,0.6094558238983154,0,0.02278911881148815,-0.6096611022949219,0.792334794998169,0,0,0.35923901200294495,0,1
K0.067,0.9997559189796448,0.007250897586345673,0.020869378000497818,0,0.011284897103905678,0.6444897651672363,-0.7645303010940552,0,-0.018993619829416275,0.7645787596702576,0.6442502737045288,0,0.0013200000394135714,0.192111998796463,-0.06015099957585335,1,0.9999099373817444,-0.012870131991803646,-0.003898064838722348,0,0.013324867002665997,0.987309992313385,0.1582472026348114,0,0.0018119352171197534,-0.15828481316566467,0.9873920679092407,0,0,0.20184600353240967,-0.00443200021982193,1,0.9996790289878845,-0.02214513160288334,-0.012270906008780003,0,0.025054868310689926,0.934984028339386,0.3538028299808502,0,0.0036380947567522526,-0.353997141122818,0.9352399110794067,0,0,0.23554399609565735,0,1,0.9996790289878845,-0.02214513160288334,-0.012270906008780003,0,0.025054868310689926,0.934984028339386,0.3538028299808502,0,0.0036380947567522526,-0.353997141122818,0.9352399110794067,0,0,0.26919299364089966,0,1,0.9974779486656189,0.06333675235509872,0.032045189291238785,0,-0.061716239899396896,0.9968779683113098,-0.0492560900747776,0,-0.03506483882665634,0.04715412110090256,0.9982720017433167,0,0,0.30284199118614197,0,1,0.99993497133255,0.00449142511934042,-0.010506975464522839,0,-0.0053856587037444115,0.9962210655212402,-0.08669058233499527,0,0.010077901184558868,0.08674148470163345,0.99617999792099,0,0,0.3297629952430725,-0.0025820001028478146,1,-0.08299630135297775,-0.01796710304915905,-0.9963879585266113,0,0.9077450037002563,-0.4139498472213745,-0.06814819574356079,0,-0.4112301170825958,-0.9101219177246094,0.05066590756177902,0,0.10646799951791763,0.2636919915676117,-0.001724999980069697,1,0.8572399020195007,0.47282305359840393,-0.20390711724758148,0,-0.22910602390766144,0.7048799991607666,0.6713090538978577,0,0.4611399471759796,-0.5287559628486633,0.7125771045684814,0,0,0.22705300152301788,0,1,0.21256203949451447,0.976842999458313,0.02440006658434868,0,-0.9768460392951965,0.2118099331855774,0.030136102810502052,0,0.024270066991448402,-0.030240902677178383,0.9992480874061584,0,0,0.5402770042419434,0,1,0.0007783123874105513,0.07765064388513565,-0.9969799518585205,0,-0.36341235041618347,0.9288378357887268,0.07205966114997864,0,0.9316279888153076,0.3622586727142334,0.028942128643393517,0,0,0.4967939853668213,0,1,0.9191138744354248,0.38966313004493713,-0.05823923647403717,0,-0.35400286316871643,0.8816429376602173,0.3120710551738739,0,0.17294876277446747,-0.26621192693710327,0.9482720494270325,0,-0.08185800164937973,0.04394900053739548,0,1,0.9974110126495361,-0.07181022316217422,-0.0039048269391059875,0,0.07191577553749084,0.9957330226898193,0.0578189492225647,0,-0.00026382686337456107,-0.05795005336403847,0.9983189702033997,0,-0.009142999537289143,0.07376299798488617,0,1,0.9922300577163696,0.12416274100542068,-0.007894734852015972,0,-0.12415926158428192,0.9922620058059692,0.0009392512147314847,0,0.007950264029204845,0.00004825122232432477,0.9999679923057556,0,-0.0005629999795928597,0.09730099886655807,0,1,0.9633829593658447,0.21400728821754456,0.16153910756111145,0,-0.2680577337741852,0.754688024520874,0.5988240838050842,0,0.006241096183657646,-0.6201988458633423,0.7844200730323792,0,0,0.1151529997587204,0.0015910000074654818,1,0.9992870092391968,0.03671283274888992,0.008811065927147865,0,-0.03694717213511467,0.9028661251068115,0.4283318817615509,0,0.007770065683871508,-0.42835211753845215,0.9035788774490356,0,0.00355900009162724,0.14229199290275574,0,1,0.9989979863166809,0.044610414654016495,-0.0035301486495882273,0,-0.044610586017370224,0.9990040063858032,0.00002725471495068632,0,0.0035278520081192255,0.0001302547170780599,0.9999939799308777,0,-0.004298000130802393,0.11636000126600266,0,1,0.010635391809046268,0.12017896771430969,0.9926950335502625,0,-0.7893322110176086,-0.6084499359130859,0.08211766183376312,0,0.6138742566108704,-0.7844399213790894,0.08838996291160583,0,-0.10646799951791763,0.2636539936065674,0.000004999999873689376,1,0.8769639730453491,-0.17765912413597107,0.44650983810424805,0,-0.12082721292972565,0.817787766456604,0.5626943707466125,0,-0.465117871761322,-0.5474129915237427,0.6957041025161743,0,0,0.22705300152301788,0,1,0.0022862781770527363,-0.9996539354324341,-0.026214560493826866,0,0.9996759295463562,0.0016197541262954473,0.025418836623430252,0,-0.025367561727762222,-0.026264162734150887,0.9993330836296082,0,0,0.5401849746704102,0,1,0.1197090893983841,0.19703994691371918,0.9730600118637085,0,0.4197191894054413,0.8781710267066956,-0.229460671544075,0,-0.899725079536438,0.43588000535964966,0.02242358773946762,0,0,0.4968239963054657,0,1,0.9576968550682068,-0.2586081922054291,0.12624618411064148,0,0.21792390942573547,0.9382320046424866,0.268756240606308,0,-0.18795084953308105,-0.22987501323223114,0.9548990726470947,0,0.08952900022268295,0.05150499939918518,0,1,0.9959610104560852,-0.08978395909070969,0.0008566952310502529,0,0.0897640585899353,0.9958699941635132,0.013600911945104599,0,-0.002074300777167082,-0.013469076715409756,0.9999070167541504,0,0.01981399953365326,0.08021900057792664,0,1,0.9377699494361877,-0.34557825326919556,-0.03411218896508217,0,0.3453877568244934,0.9383890628814697,-0.011509072966873646,0,0.03598780557513237,-0.0009890712099149823,0.999351978302002,0,0.0024770000018179417,0.09086299687623978,0,1,0.9995859861373901,-0.025180058553814888,-0.013913731090724468,0,0.02838096208870411,0.9422358870506287,0.3337462544441223,0,0.0047062658704817295,-0.334002822637558,0.942560076713562,0,0,0.11305999755859375,0.001303000026382506,1,0.9998379349708557,0.017979459837079048,0.0002757821057457477,0,-0.017211545258760452,0.952468991279602,0.304150253534317,0,0.005205783061683178,-0.3041056990623474,0.9526240825653076,0,-0.00254100002348423,0.15283699333667755,0,1,0.9957559704780579,-0.09192590415477753,0.004378043580800295,0,0.09192608296871185,0.9957659244537354,0.00016808482178021222,0,-0.0043749562464654446,0.00023508483718615025,0.9999899864196777,0,0.006070000119507313,0.11340600252151489,0,1,-0.6248078346252441,0.5776562094688416,0.5252889394760132,0,0.05094028264284134,-0.6411828398704529,0.7656950354576111,0,0.7791150808334351,0.5051708221435547,0.37119022011756897,0,0.1860329955816269,-0.11189699918031693,-0.003965000156313181,1,0.9920360445976257,-0.05745512992143631,-0.11208668351173401,0,0.03669586405158043,0.9831339120864868,-0.17916908860206604,0,0.12049031257629395,0.17362894117832184,0.9774119257926941,0,0,0.6513429880142212,0,1,0.861503005027771,0.475257933139801,0.17872419953346252,0,-0.5074580311775208,0.8178888559341431,0.2711910903453827,0,-0.017290830612182617,-0.32432690262794495,0.9457870125770569,0,0,0.5067660212516785,0,1,0.9997689723968506,0.00030998658621683717,0.021490782499313354,0,-0.013293012976646423,0.7946358919143677,0.6069400310516357,0,-0.016889216378331184,-0.6070860028266907,0.7944571375846863,0,0,0.3611550033092499,0,1,-0.9567761421203613,-0.20320184528827667,-0.20805884897708893,0,-0.017996856942772865,-0.6726679801940918,0.7397250533103943,0,-0.2902681231498718,0.7114959359169006,0.6399359107017517,0,-0.1860329955816269,-0.11189699918031693,-0.0019519999623298645,1,0.9825429916381836,0.060862258076667786,0.17579703032970428,0,-0.03656374290585518,0.9897170066833496,-0.13828995823860168,0,-0.1824059784412384,0.1294480413198471,0.9746649265289307,0,0,0.6512380242347717,0,1,0.9478990435600281,-0.15231715142726898,-0.27979978919029236,0,0.29644280672073364,0.7433639764785767,0.599609911441803,0,0.1166621670126915,-0.6513140201568604,0.7497869729995728,0,0,0.5072460174560547,0,1,0.9996139407157898,0.0013158927904441953,-0.027739210054278374,0,0.015868891030550003,0.7926611304283142,0.6094557642936707,0,0.022789789363741875,-0.6096612215042114,0.7923349142074585,0,0,0.35923901200294495,0,1
