1.000,30,29,41
B0,mixamorig_Hips,-1,0.9993360042572021,0.015454585663974285,-0.03298501297831535,0,-0.014320412650704384,0.9993069767951965,0.03434808552265167,0,0.03349299728870392,-0.03385292738676071,0.998865008354187,0,-0.0007050000131130219,1.4887100458145142,0.004098000004887581,1
B1,mixamorig_Spine,0,0.9995830059051514,-0.018728582188487053,0.02198517695069313,0,0.016780421137809753,0.9961820244789124,0.08567836880683899,0,-0.02350585348904133,-0.08527364581823349,0.9960800409317017,0,0,0.20184600353240967,-0.00443200021982193,1
B2,mixamorig_Spine1,1,0.9988769888877869,0.018696025013923645,0.043523963540792465,0,-0.020555980503559113,0.9988769888877869,0.04268611967563629,0,-0.04267704114317894,-0.043532878160476685,0.9981399774551392,0,0,0.23554399609565735,0,1
B3,mixamorig_Spine2,2,0.9988669753074646,0.020677004009485245,0.042868804186582565,0,-0.022485997527837753,0.9988579750061035,0.042154911905527115,0,-0.04194819927215576,-0.043071091175079346,0.9981909990310669,0,0,0.26919299364089966,0,1
B4,mixamorig_Neck,3,0.999301016330719,-0.0036380214150995016,-0.03720535710453987,0,0.004141960293054581,0.9999009370803833,0.0134766586124897,0,0.03715264052152634,-0.013621339574456215,0.9992169737815857,0,0,0.30284199118614197,0,1
B5,mixamorig_Head,4,0.9963399767875671,-0.037096258252859116,-0.07700992375612259,0,0.03264676034450531,0.9977680444717407,-0.0582546666264534,0,0.07899904996156693,0.05552731081843376,0.9953269362449646,0,0,0.3297629952430725,-0.0025820001028478146,1
B6,mixamorig_HeadTop_End,5,1,0,0,0,0,1,0,0,0,0,1,0,0,0.9484109878540039,-0.007424999959766865,1
B7,mixamorig_LeftShoulder,3,0.13878539204597473,0.010163870640099049,-0.9902698993682861,0,0.8254188895225525,-0.5537000894546509,0.10999856889247894,0,-0.54719477891922,-0.8326539993286133,-0.08523485064506531,0,0.10646799951791763,0.2636919915676117,-0.001724999980069697,1
B8,mixamorig_LeftArm,7,0.9033488035202026,0.33289122581481934,-0.2704521715641022,0,-0.07537394016981125,0.743960976600647,0.6639589667320251,0,0.4222317337989807,-0.5794011354446411,0.6971471309661865,0,0,0.22705300152301788,0,1
B9,mixamorig_LeftForeArm,8,0.9814419150352478,0.19175417721271515,0.001342064468190074,0,-0.19175882637500763,0.9814220666885376,0.006248296704143286,0,-0.00011899459059350193,-0.006389697548002005,0.9999799132347107,0,0,0.5402770042419434,0,1
B10,mixamorig_LeftHand,9,0.9423690438270569,-0.013936713337898254,-0.33428484201431274,0,0.07297418266534805,0.9836390614509583,0.16470956802368164,0,0.32652008533477783,-0.17961135506629944,0.92796790599823,0,0,0.4967939853668213,0,1
B11,mixamorig_LeftHandThumb1,10,0.8829768896102905,0.37856101989746094,-0.2775673568248749,0,-0.33042001724243164,0.9212319850921631,0.20531690120697021,0,0.33342868089675903,-0.08957622200250626,0.9385100603103638,0,-0.08185800164937973,0.04394900053739548,0,1
B12,mixamorig_LeftHandThumb2,11,0.9928780198097229,-0.08419531583786011,-0.08428779989480972,0,0.0855666846036911,0.9962499737739563,0.012785938568413258,0,0.0828952044248581,-0.019907105714082718,0.9963589906692505,0,-0.009142999537289143,0.07376299798488617,0,1
B13,mixamorig_LeftHandThumb3,12,0.96573406457901,0.014138116501271725,-0.25914978981018066,0,-0.08927294611930847,0.9556810259819031,-0.28054195642471313,0,0.24369823932647705,0.2940640449523926,0.9241960048675537,0,-0.0005629999795928597,0.09730099886655807,0,1
B14,mixamorig_LeftHandThumb4,13,1,0,0,0,0,1,0,0,0,0,1,0,0.009705999866127968,0.08156999945640564,0,1
B15,mixamorig_LeftHandIndex1,10,0.9838240146636963,0.17028799653053284,0.05560583993792534,0,-0.17908704280853271,0.9422820806503296,0.28289881348609924,0,-0.004222118761390448,-0.2882812023162842,0.9575369954109192,0,0,0.1151529997587204,0.0015910000074654818,1
B16,mixamorig_LeftHandIndex2,15,0.9997730255126953,-0.021167822182178497,-0.00238580210134387,0,0.021064219996333122,0.9657180309295654,0.258735716342926,0,-0.0031728604808449745,-0.2587273120880127,0.9659449458122253,0,0.00355900009162724,0.14229199290275574,0,1
B17,mixamorig_LeftHandIndex3,16,0.9963769316673279,0.08496520668268204,0.0038192959036678076,0,-0.08305773138999939,0.9623791575431824,0.2587045729160309,0,0.01830526627600193,-0.25808435678482056,0.9659488797187805,0,-0.004298000130802393,0.11636000126600266,0,1
B18,mixamorig_LeftHandIndex4,17,1,0,0,0,0,1,0,0,0,0,1,0,0.0007389999809674919,0.0909150019288063,0,1
B19,mixamorig_RightShoulder,3,0.06663209944963455,-0.010255860164761543,0.9977249503135681,0,-0.8190198540687561,-0.571683943271637,0.048820916563272476,0,0.5698829293251038,-0.8204099535942078,-0.04649217799305916,0,-0.10646799951791763,0.2636539936065674,0.000004999999873689376,1
B20,mixamorig_RightArm,19,0.8872700929641724,-0.4199059009552002,0.19086985290050507,0,0.25771012902259827,0.7944951057434082,0.5498757362365723,0,-0.3825412690639496,-0.43869924545288086,0.8131458759307861,0,0,0.22705300152301788,0,1
B21,mixamorig_RightForeArm,20,0.9191950559616089,-0.39379194378852844,-0.0030275683384388685,0,0.39380204677581787,0.9191439747810364,0.009711832739412785,0,-0.0010416698642075062,-0.010119324550032616,0.9999480247497559,0,0,0.5401849746704102,0,1
B22,mixamorig_RightHand,21,0.9715830087661743,-0.03985705226659775,0.23331910371780396,0,0.01880393736064434,0.995602011680603,0.09177207201719284,0,-0.23595088720321655,-0.08477691560983658,0.9680600762367249,0,0,0.4968239963054657,0,1
B23,mixamorig_RightHandThumb1,22,0.8703019618988037,-0.3222719132900238,0.37244534492492676,0,0.2065572291612625,0.9253169298171997,0.317997008562088,0,-0.44711172580718994,-0.19982220232486725,0.8718730807304382,0,0.08952900022268295,0.05150499939918518,0,1
B24,mixamorig_RightHandThumb2,23,0.9872139692306519,0.15915733575820923,0.008768072351813316,0,-0.15935462713241577,0.9867400527000427,0.03081788308918476,0,-0.0037469197995960712,-0.031821109354496,0.999487042427063,0,0.01981399953365326,0.08021900057792664,0,1
B25,mixamorig_RightHandThumb3,24,0.9543289542198181,-0.2857381999492645,-0.08723808825016022,0,0.24099387228488922,0.9088412523269653,-0.3404846787452698,0,0.1765749156475067,0.3039103150367737,0.9361938834190369,0,0.0024770000018179417,0.09086299687623978,0,1
B26,mixamorig_RightHandThumb4,25,1,0,0,0,0,1,0,0,0,0,1,0,-0.022290999069809914,0.06606300175189972,0,1
B27,mixamorig_RightHandIndex1,22,0.9841840863227844,-0.1646849364042282,-0.06528186798095703,0,0.17706111073493958,0.9262470602989197,0.33273887634277344,0,0.005670067388564348,-0.33903518319129944,0.9407568573951721,0,0,0.11305999755859375,0.001303000026382506,1
B28,mixamorig_RightHandIndex2,27,0.9999750256538391,0.006926015950739384,0.0017039112281054258,0,-0.007030021399259567,0.9167091846466064,0.3994947671890259,0,0.001204914296977222,-0.39949625730514526,0.9167338013648987,0,-0.00254100002348423,0.15283699333667755,0,1
B29,mixamorig_RightHandIndex3,28,0.992946982383728,-0.11845196038484573,-0.00502094766125083,0,0.11740803718566895,0.9765459299087524,0.18047918379306793,0,-0.016474932432174683,-0.17979583144187927,0.9835659861564636,0,0.006070000119507313,0.11340600252151489,0,1
B30,mixamorig_RightHandIndex4,29,1,0,0,0,0,1,0,0,0,0,1,0,-0.0035290000960230827,0.09126099944114685,0,1
B31,mixamorig_LeftUpLeg,0,-0.9851989150047302,-0.0004389174864627421,0.17141494154930115,0,0.07193312048912048,-0.9087449312210083,0.4111051559448242,0,0.15559202432632446,0.41735079884529114,0.8953261375427246,0,0.1860329955816269,-0.11189699918031693,-0.003965000156313181,1
B32,mixamorig_LeftLeg,31,0.994454026222229,-0.1030062735080719,-0.021215854212641716,0,0.03704569861292839,0.5318978428840637,-0.8459981083869934,0,0.09842785447835922,0.8405209183692932,0.5327642560005188,0,0,0.6513429880142212,0,1
B33,mixamorig_LeftFoot,32,0.9807239770889282,0.0779000073671341,0.1791960448026657,0,-0.19189798831939697,0.5567508935928345,0.8082101345062256,0,-0.03680800646543503,-0.8270189166069031,0.5609681010246277,0,0,0.5067660212516785,0,1
B34,mixamorig_LeftToeBase,33,0.998991072177887,0.0268727857619524,0.03597573935985565,0,-0.04474933445453644,0.5292631983757019,0.8472768068313599,0,0.003728050971403718,-0.8480320572853088,0.529931902885437,0,0,0.3611550033092499,0,1
B35,mixamorig_LeftToe_End,34,1,0,0,0,0,1,0,0,0,0,1,0,0,0.13561299443244934,0,1
B36,mixamorig_RightUpLeg,0,-0.9942901134490967,-0.021512001752853394,-0.10451783984899521,0,0.0068719894625246525,-0.9903441071510315,0.1384599208831787,0,-0.10648715496063232,0.13695105910301208,0.9848369359970093,0,-0.1860329955816269,-0.11189699918031693,-0.0019519999623298645,1
B37,mixamorig_RightLeg,36,0.9982209205627441,-0.020037785172462463,0.05615224689245224,0,0.03423314541578293,0.9637339115142822,-0.2646581530570984,0,-0.048812706023454666,0.26610979437828064,0.9627061486244202,0,0,0.6512380242347717,0,1
B38,mixamorig_RightFoot,37,0.9789230227470398,-0.07850202172994614,-0.18853791058063507,0,0.2033700793981552,0.4592359960079193,0.8647210597991943,0,0.01870107091963291,-0.8848389983177185,0.46552202105522156,0,0,0.5072460174560547,0,1
B39,mixamorig_RightToeBase,38,0.9992169141769409,0.004229864105582237,-0.0393463559448719,0,0.023456644266843796,0.737470269203186,0.6749716997146606,0,0.03187181428074837,-0.6753662824630737,0.7367937564849854,0,0,0.35923901200294495,0,1
B40,mixamorig_RightToe_End,39,1,0,0,0,0,1,0,0,0,0,1,0,0,0.13514000177383423,0,1
@34,0,1,2,3,4,5,7,8,9,10,11,12,13,15,16,17,19,20,21,22,23,24,25,27,28,29,31,32,33,34,36,37,38,39
K0,0.9993360042572021,0.01545458659529686,-0.032985005527734756,0,-0.014320413582026958,0.9993069767951965,0.034348078072071075,0,0.03349298983812332,-0.033852919936180115,0.998865008354187,0,-0.0007050000131130219,1.4887100458145142,0.004098000004887581,1,0.9995830059051514,-0.018728578463196754,0.021985162049531937,0,0.016780417412519455,0.9961820244789124,0.08567836135625839,0,-0.023505838587880135,-0.0852736383676529,0.9960800409317017,0,0,0.20184600353240967,-0.00443200021982193,1,0.9988769888877869,0.018696021288633347,0.043523963540792465,0,-0.020555976778268814,0.9988769888877869,0.04268612340092659,0,-0.04267704114317894,-0.04353288188576698,0.9981399774551392,0,0,0.23554399609565735,0,1,0.9988669753074646,0.020677002146840096,0.04286880046129227,0,-0.022485995665192604,0.9988579750061035,0.042154908180236816,0,-0.04194819927215576,-0.04307108744978905,0.9981909990310669,0,0,0.26919299364089966,0,1,0.999301016330719,-0.003638030495494604,-0.03720535710453987,0,0.0041419691406190395,0.9999009370803833,0.013476659543812275,0,0.03715264052152634,-0.01362134050577879,0.9992169737815857,0,0,0.30284199118614197,0,1,0.9963399767875671,-0.03709625080227852,-0.07700993120670319,0,0.032646749168634415,0.9977680444717407,-0.058254677802324295,0,0.07899905741214752,0.05552732199430466,0.9953269362449646,0,0,0.3297629952430725,-0.0025820001028478146,1,0.1387850046157837,0.010163659229874611,-0.9902700781822205,0,0.8254191875457764,-0.5537000298500061,0.10999850928783417,0,-0.5471946597099304,-0.8326542973518372,-0.08523464947938919,0,0.10646799951791763,0.2636919915676117,-0.001724999980069697,1,0.9033488035202026,0.33289116621017456,-0.2704522907733917,0,-0.0753738209605217,0.7439610362052917,0.6639589071273804,0,0.4222317636013031,-0.5794010758399963,0.6971471905708313,0,0,0.22705300152301788,0,1,0.9814419150352478,0.19175417721271515,0.0013420352479442954,0,-0.19175882637500763,0.9814220666885376,0.006248303223401308,0,-0.00011896473006345332,-0.006389698013663292,0.9999799132347107,0,0,0.5402770042419434,0,1,0.9423690438270569,-0.013936757110059261,-0.33428487181663513,0,0.07297424226999283,0.9836390614509583,0.16470959782600403,0,0.32652008533477783,-0.17961138486862183,0.9279678463935852,0,0,0.4967939853668213,0,1,0.8829768896102905,0.37856099009513855,-0.2775673270225525,0,-0.33041998744010925,0.9212319850921631,0.20531681180000305,0,0.33342865109443665,-0.08957616239786148,0.9385101199150085,0,-0.08185800164937973,0.04394900053739548,0,1,0.9928780198097229,-0.08419531583786011,-0.08428779989480972,0,0.0855666846036911,0.9962499737739563,0.012785916216671467,0,0.0828952044248581,-0.019907083362340927,0.9963589906692505,0,-0.009142999537289143,0.07376299798488617,0,1,0.96573406457901,0.014138087630271912,-0.25914978981018066,0,-0.08927290886640549,0.9556810259819031,-0.28054192662239075,0,0.24369825422763824,0.2940640151500702,0.9241960048675537,0,-0.0005629999795928597,0.09730099886655807,0,1,0.9838240742683411,0.17028798162937164,0.05560585856437683,0,-0.17908704280853271,0.9422820806503296,0.28289881348609924,0,-0.004222142975777388,-0.2882812023162842,0.9575369954109192,0,0,0.1151529997587204,0.0015910000074654818,1,0.9997730255126953,-0.021167796105146408,-0.002385828411206603,0,0.02106420323252678,0.9657180309295654,0.258735716342926,0,-0.0031728283502161503,-0.2587273120880127,0.9659449458122253,0,0.00355900009162724,0.14229199290275574,0,1,0.9963769316673279,0.08496524393558502,0.003819286823272705,0,-0.08305776119232178,0.9623790979385376,0.25870460271835327,0,0.018305286765098572,-0.25808438658714294,0.9659488797187805,0,-0.004298000130802393,0.11636000126600266,0,1,0.06663183867931366,-0.010255789384245872,0.9977250695228577,0,-0.8190200924873352,-0.571683943271637,0.048820845782756805,0,0.5698828101158142,-0.8204101920127869,-0.046492137014865875,0,-0.10646799951791763,0.2636539936065674,0.000004999999873689376,1,0.8872701525688171,-0.4199059009552002,0.19086980819702148,0,0.25771012902259827,0.7944951057434082,0.5498757362365723,0,-0.3825412392616272,-0.43869930505752563,0.8131458163261414,0,0,0.22705300152301788,0,1,0.9191950559616089,-0.39379194378852844,-0.003027603030204773,0,0.39380204677581787,0.9191439747810364,0.009711744263768196,0,-0.0010416030418127775,-0.010119256563484669,0.9999480247497559,0,0,0.5401849746704102,0,1,0.9715829491615295,-0.039857059717178345,0.23331911861896515,0,0.01880394108593464,0.995602011680603,0.09177207946777344,0,-0.23595090210437775,-0.08477692306041718,0.9680600762367249,0,0,0.4968239963054657,0,1,0.8703020215034485,-0.32227179408073425,0.37244531512260437,0,0.20655718445777893,0.9253169894218445,0.3179968595504761,0,-0.4471116364002228,-0.19982211291790009,0.871873140335083,0,0.08952900022268295,0.05150499939918518,0,1,0.9872139692306519,0.15915733575820923,0.008768076077103615,0,-0.15935462713241577,0.9867400527000427,0.03081788495182991,0,-0.003746923292055726,-0.0318211130797863,0.999487042427063,0,0.01981399953365326,0.08021900057792664,0,1,0.9543289542198181,-0.28573817014694214,-0.08723808825016022,0,0.24099384248256683,0.9088412523269653,-0.3404846787452698,0,0.17657490074634552,0.3039103150367737,0.9361938834190369,0,0.0024770000018179417,0.09086299687623978,0,1,0.9841840863227844,-0.16468490660190582,-0.06528189778327942,0,0.17706111073493958,0.9262470602989197,0.33273887634277344,0,0.005670102778822184,-0.33903518319129944,0.9407568573951721,0,0,0.11305999755859375,0.001303000026382506,1,0.9999750256538391,0.006925997324287891,0.0017039090162143111,0,-0.00703000370413065,0.9167091846466064,0.3994947671890259,0,0.001204908941872418,-0.39949625730514526,0.9167338013648987,0,-0.00254100002348423,0.15283699333667755,0,1,0.992946982383728,-0.11845196038484573,-0.005020940210670233,0,0.11740803718566895,0.9765459299087524,0.18047918379306793,0,-0.01647493988275528,-0.17979583144187927,0.9835659861564636,0,0.006070000119507313,0.11340600252151489,0,1,-0.9851989150047302,-0.0004388936795294285,0.17141494154930115,0,0.07193310558795929,-0.9087449312210083,0.4111051857471466,0,0.15559203922748566,0.4173508286476135,0.8953261375427246,0,0.1860329955816269,-0.11189699918031693,-0.003965000156313181,1,0.9944539666175842,-0.10300636291503906,-0.02121599391102791,0,0.03704562410712242,0.5318978428840637,-0.8459980487823486,0,0.09842801094055176,0.8405207991600037,0.5327642560005188,0,0,0.6513429880142212,0,1,0.9807239770889282,0.07790002971887589,0.17919602990150452,0,-0.19189798831939697,0.5567508935928345,0.8082101345062256,0,-0.03680797293782234,-0.8270189166069031,0.5609681010246277,0,0,0.5067660212516785,0,1,0.998991072177887,0.02687263675034046,0.0359758660197258,0,-0.04474936053156853,0.5292631387710571,0.8472768068313599,0,0.0037278628442436457,-0.8480320572853088,0.5299318432807922,0,0,0.3611550033092499,0,1,-0.9942901730537415,-0.02151200734078884,-0.10451783984899521,0,0.006871994584798813,-0.9903441071510315,0.1384599357843399,0,-0.10648715496063232,0.13695107400417328,0.9848369359970093,0,-0.1860329955816269,-0.11189699918031693,-0.0019519999623298645,1,0.9982209205627441,-0.02003781497478485,0.05615227669477463,0,0.03423318266868591,0.9637339115142822,-0.2646581828594208,0,-0.04881272464990616,0.266109824180603,0.9627061486244202,0,0,0.6512380242347717,0,1,0.9789230227470398,-0.07850197702646255,-0.18853789567947388,0,0.20337004959583282,0.4592359960079193,0.8647210597991943,0,0.01870109885931015,-0.8848389983177185,0.46552202105522156,0,0,0.5072460174560547,0,1,0.9992169141769409,0.004229720216244459,-0.03934631124138832,0,0.023456720635294914,0.737470269203186,0.6749716997146606,0,0.03187168762087822,-0.6753662824630737,0.7367937564849854,0,0,0.35923901200294495,0,1
K0.034,0.9995717406272888,0.016503576189279556,-0.024181071668863297,0,-0.015402600169181824,0.9988673329353333,0.04503025859594345,0,0.024896826595067978,-0.044638488441705704,0.99869304895401,0,0.0017044827109202743,1.493565320968628,-0.0031229439191520214,1,0.9998056888580322,-0.018819577991962433,0.0058275386691093445,0,0.018304044380784035,0.9967422485351562,0.07855480164289474,0,-0.007286920212209225,-0.0784328505396843,0.9968927502632141,0,0,0.20184600353240967,-0.00443200021982193,1,0.9994304180145264,0.009427485056221485,0.032395150512456894,0,-0.01067312527447939,0.9992021322250366,0.0384959913790226,0,-0.032006364315748215,-0.0388198047876358,0.9987331628799438,0,0,0.23554399609565735,0,1,0.9994347095489502,0.011100893840193748,0.031740702688694,0,-0.012310034595429897,0.9991958141326904,0.03815635293722153,0,-0.03129160404205322,-0.03852550685405731,0.9987675547599792,0,0,0.26919299364089966,0,1,0.9994449615478516,-0.005828510504215956,-0.03279851749539375,0,0.006294912658631802,0.9998801350593567,0.014135007746517658,0,0.032712213695049286,-0.014333633705973625,0.9993624091148376,0,0,0.30284199118614197,0,1,0.9978252649307251,-0.035517368465662,-0.05552901327610016,0,0.03267408907413483,0.9981491565704346,-0.05129928141832352,0,0.05724821612238884,0.0493733249604702,0.9971383213996887,0,0,0.3297629952430725,-0.0025820001028478146,1,0.12144660204648972,0.011019283905625343,-0.9925365447998047,0,0.829346239566803,-0.5505362153053284,0.09536648541688919,0,-0.545376718044281,-0.8347387909889221,-0.07599952071905136,0,0.10646799951791763,0.2636919915676117,-0.001724999980069697,1,0.9194614887237549,0.2605862617492676,-0.29442331194877625,0,0.008116191253066063,0.7360876202583313,0.6768379807472229,0,0.39309605956077576,-0.6247161030769348,0.6746893525123596,0,0,0.22705300152301788,0,1,0.9815192222595215,0.19135722517967224,0.001338936504907906,0,-0.19136200845241547,0.9815000891685486,0.006234949920326471,0,-0.00012106354552088305,-0.006375946570187807,0.9999800324440002,0,0,0.5402770042419434,0,1,0.9451780915260315,0.021364329382777214,-0.3258547782897949,0,0.05417520925402641,0.9737713932991028,0.220985546708107,0,0.3220294415950775,-0.22652405500411987,0.9192304611206055,0,0,0.4967939853668213,0,1,0.8829768896102905,0.37856099009513855,-0.2775673270225525,0,-0.33041998744010925,0.9212319850921631,0.20531681180000305,0,0.33342865109443665,-0.08957616239786148,0.9385101199150085,0,-0.08185800164937973,0.04394900053739548,0,1,0.9937677383422852,-0.07851504534482956,-0.07913153618574142,0,0.07875882089138031,0.9968936443328857,-0.00004008564428659156,0,0.07888884097337723,-0.006192469038069248,0.9968641996383667,0,-0.009142999537289143,0.07376299798488617,0,1,0.9664754271507263,0.010240135714411736,-0.2565530836582184,0,-0.08413306623697281,0.9566690325737,-0.27875757217407227,0,0.24258197844028473,0.29099708795547485,0.9254590272903442,0,-0.0005629999795928597,0.09730099886655807,0,1,0.9824789762496948,0.17826849222183228,0.05437268316745758,0,-0.18632209300994873,0.9464874863624573,0.26352664828300476,0,-0.004484562668949366,-0.2690400183200836,0.9631186723709106,0,0,0.1151529997587204,0.0015910000074654818,1,0.9997739791870117,-0.021131377667188644,-0.002385044237598777,0,0.021028101444244385,0.965660035610199,0.25895532965660095,0,-0.0031689407769590616,-0.25894689559936523,0.9658859372138977,0,0.00355900009162724,0.14229199290275574,0,1,0.9963738918304443,0.08499907702207565,0.003830703441053629,0,-0.0830891951918602,0.9623168110847473,0.25892388820648193,0,0.018321944400668144,-0.25830331444740295,0.9658900499343872,0,-0.004298000130802393,0.11636000126600266,0,1,0.07241085916757584,-0.009959710761904716,0.9973245859146118,0,-0.8214061856269836,-0.5677832961082458,0.05396808683872223,0,0.565727174282074,-0.8231169581413269,-0.049294549971818924,0,-0.10646799951791763,0.2636539936065674,0.000004999999873689376,1,0.8693844676017761,-0.45323446393013,0.19684745371341705,0,0.29696136713027954,0.7976308465003967,0.5249760746955872,0,-0.39494872093200684,-0.39794984459877014,0.8280407190322876,0,0,0.22705300152301788,0,1,0.8977247476577759,-0.4405430555343628,-0.0035570128820836544,0,0.44055429100990295,0.897659957408905,0.010864297859370708,0,-0.0015932022361084819,-0.011320201680064201,0.9999342560768127,0,0,0.5401849746704102,0,1,0.9714398980140686,0.0003778009267989546,0.23728586733341217,0,-0.03228810429573059,0.9909078478813171,0.13060864806175232,0,-0.23507902026176453,-0.13453994691371918,0.962619423866272,0,0,0.4968239963054657,0,1,0.8703018426895142,-0.32227227091789246,0.37244531512260437,0,0.20655770599842072,0.9253170490264893,0.317997008562088,0,-0.44711175560951233,-0.19982196390628815,0.8718730807304382,0,0.08952900022268295,0.05150499939918518,0,1,0.9879254102706909,0.15468695759773254,0.0086143147200346,0,-0.15487021207809448,0.987538754940033,0.027959292754530907,0,-0.004182035103440285,-0.028955820947885513,0.9995718598365784,0,0.01981399953365326,0.08021900057792664,0,1,0.9543037414550781,-0.2858475148677826,-0.0871555283665657,0,0.24111057817935944,0.9087846875190735,-0.3405536115169525,0,0.1765519082546234,0.3039773106575012,0.9361770749092102,0,0.0024770000018179417,0.09086299687623978,0,1,0.9837892055511475,-0.1662873923778534,-0.0671415627002716,0,0.1792430728673935,0.9234875440597534,0.3391798138618469,0,0.005603067111223936,-0.34571605920791626,0.9383227229118347,0,0,0.11305999755859375,0.001303000026382506,1,0.9999749660491943,0.006919588427990675,0.0017033846816048026,0,-0.007023862563073635,0.9166909456253052,0.39953553676605225,0,0.0012031433871015906,-0.39953726530075073,0.9167160987854004,0,-0.00254100002348423,0.15283699333667755,0,1,0.9929457902908325,-0.11845853179693222,-0.005024065263569355,0,0.11741441488265991,0.9765374064445496,0.1805235892534256,0,-0.01647837460041046,-0.179840087890625,0.9835576415061951,0,0.006070000119507313,0.11340600252151489,0,1,-0.986676812171936,0.016753125935792923,0.16183006763458252,0,0.058966461569070816,-0.8902300000190735,0.4516773819923401,0,0.15163297951221466,0.4552021026611328,0.8773815035820007,0,0.1860329955816269,-0.11189699918031693,-0.003965000156313181,1,0.9961298704147339,-0.08743485808372498,0.008994344621896744,0,0.07007363438606262,0.728203535079956,-0.6817693710327148,0,0.05306066572666168,0.6797606945037842,0.7315117716789246,0,0,0.6513429880142212,0,1,0.9827552437782288,0.05108978971838951,0.1777108758687973,0,-0.17493386566638947,0.5682809352874756,0.8040240406990051,0,-0.05991232022643089,-0.821246862411499,0.56741863489151,0,0,0.5067660212516785,0,1,0.9994559288024902,0.013284362852573395,0.03019343875348568,0,-0.03110480308532715,0.6842761635780334,0.728559136390686,0,-0.010982203297317028,-0.7291017174720764,0.684316873550415,0,0,0.3611550033092499,0,1,-0.99262934923172,-0.02185840904712677,-0.11920473724603653,0,0.0175943486392498,-0.9991715550422668,0.03670690208673477,0,-0.11990825086832047,0.03433898836374283,0.992190957069397,0,-0.1860329955816269,-0.11189699918031693,-0.0019519999623298645,1,0.9960708618164062,-0.0402778796851635,0.07887006551027298,0,0.052331019192934036,0.9861661195755005,-0.15728051960468292,0,-0.07144404947757721,0.16078989207744598,0.9843990802764893,0,0,0.6512380242347717,0,1,0.9800787568092346,-0.061612240970134735,-0.18881359696388245,0,0.19629329442977905,0.4453154504299164,0.8735917806625366,0,0.030257653445005417,-0.8932510018348694,0.44853800535202026,0,0,0.5072460174560547,0,1,0.9992568492889404,0.003928851801902056,-0.038350660353899,0,0.022843340411782265,0.7410022616386414,0.6711136102676392,0,0.03105464018881321,-0.6714911460876465,0.7403619885444641,0,0,0.35923901200294495,0,1
K0.069,0.9999088644981384,0.004842154216021299,-0.012601395137608051,0,-0.004127521067857742,0.9984151124954224,0.05613148584961891,0,0.012853221967816353,-0.0560743622481823,0.9983442425727844,0,0.005816393531858921,1.4857089519500732,-0.008424388244748116,1,0.9999292492866516,0.0004115921910852194,-0.01191948913037777,0,0.00043033433030359447,0.997508704662323,0.07054586708545685,0,0.011918820440769196,-0.07054595649242401,0.9974371790885925,0,0,0.20184600353240967,-0.00443200021982193,1,0.9997777938842773,-0.0029926830902695656,0.020861057564616203,0,0.002259155735373497,0.9993810057640076,0.035097796469926834,0,-0.02095319889485836,-0.0350428968667984,0.9991666078567505,0,0,0.23554399609565735,0,1,0.9997904300689697,-0.001607641577720642,0.020409509539604187,0,0.0008975061937235296,0.9993955492973328,0.03475594520568848,0,-0.020453043282032013,-0.03473033756017685,0.9991873502731323,0,0,0.26919299364089966,0,1,0.999640166759491,-0.0032946534920483828,-0.026608336716890335,0,0.003630107967182994,0.9999141693115234,0.012568655423820019,0,0.02656465955078602,-0.012660731561481953,0.999566912651062,0,0,0.30284199118614197,0,1,0.9986861348152161,-0.03498797118663788,-0.037450261414051056,0,0.03305288404226303,0.9981462955474854,-0.05109868571162224,0,0.03916868567466736,0.04979371652007103,0.9979915618896484,0,0,0.3297629952430725,-0.0025820001028478146,1,0.10580839216709137,0.011719753965735435,-0.9943177700042725,0,0.8321443200111389,-0.5484501123428345,0.08208662271499634,0,-0.5443714261054993,-0.8361011147499084,-0.0677831843495369,0,0.10646799951791763,0.2636919915676117,-0.001724999980069697,1,0.9302374720573425,0.1886507272720337,-0.31475183367729187,0,0.08603362739086151,0.7217050194740295,0.6868327856063843,0,0.3567297160625458,-0.665997326374054,0.655127227306366,0,0,0.22705300152301788,0,1,0.9819685816764832,0.18903765082359314,0.0013242083368822932,0,-0.1890423446893692,0.9819497466087341,0.006159486714750528,0,-0.00013593121548183262,-0.0062987543642520905,0.999980092048645,0,0,0.5402770042419434,0,1,0.945867657661438,0.057182978838682175,-0.319475382566452,0,0.02558475360274315,0.9681558609008789,0.24903899431228638,0,0.3235428035259247,-0.24373164772987366,0.914284348487854,0,0,0.4967939853668213,0,1,0.8829768300056458,0.3785611689090729,-0.2775673270225525,0,-0.3304198384284973,0.9212310910224915,0.20531676709651947,0,0.3334287106990814,-0.08957622945308685,0.9385100603103638,0,-0.08185800164937973,0.04394900053739548,0,1,0.9938727021217346,-0.07532639801502228,-0.08088324218988419,0,0.07560142874717712,0.9971382021903992,0.0003384561568964273,0,0.08062630891799927,-0.0064512742683291435,0.9967236518859863,0,-0.009142999537289143,0.07376299798488617,0,1,0.9664832949638367,0.01045895740389824,-0.25651633739471436,0,-0.08430231362581253,0.9566941261291504,-0.2786206901073456,0,0.24249351024627686,0.290907084941864,0.9255102872848511,0,-0.0005629999795928597,0.09730099886655807,0,1,0.9828681349754333,0.17641453444957733,0.05336636304855347,0,-0.1842561811208725,0.9474664330482483,0.26145073771476746,0,-0.004439127631485462,-0.2668048143386841,0.9637405872344971,0,0,0.1151529997587204,0.0015910000074654818,1,0.9997749924659729,-0.021096056327223778,-0.002384229563176632,0,0.020993081852793694,0.9656041860580444,0.25916948914527893,0,-0.0031652296893298626,-0.2591610252857208,0.965829074382782,0,0.00355900009162724,0.14229199290275574,0,1,0.9963709115982056,0.08503210544586182,0.003841004567220807,0,-0.08311975002288818,0.9622570872306824,0.2591377794742584,0,0.01833900436758995,-0.25851666927337646,0.9658330678939819,0,-0.004298000130802393,0.11636000126600266,0,1,0.0789150819182396,-0.009722304530441761,0.9968342185020447,0,-0.8285624980926514,-0.5566542148590088,0.060164615511894226,0,0.5543070435523987,-0.8306875228881836,-0.0519840233027935,0,-0.10646799951791763,0.2636539936065674,0.000004999999873689376,1,0.8540982007980347,-0.4792290925979614,0.2021290510892868,0,0.3339996933937073,0.8032689690589905,0.4931568205356598,0,-0.3986988961696625,-0.3536931574344635,0.8461325764656067,0,0,0.22705300152301788,0,1,0.8615860939025879,-0.5075913667678833,-0.00444815494120121,0,0.5076045989990234,0.8614988327026367,0.012517987750470638,0,-0.0025219444651156664,-0.013043238781392574,0.9999118447303772,0,0,0.5401849746704102,0,1,0.9665349125862122,0.03812698274850845,0.2536870837211609,0,-0.08305234462022781,0.9821426272392273,0.16881762444972992,0,-0.24272015690803528,-0.1842372566461563,0.9524407982826233,0,0,0.4968239963054657,0,1,0.8703019618988037,-0.322272390127182,0.37244585156440735,0,0.20655757188796997,0.925317108631134,0.3179970681667328,0,-0.447112113237381,-0.19982193410396576,0.8718729019165039,0,0.08952900022268295,0.05150499939918518,0,1,0.990408182144165,0.13683459162712097,0.019187012687325478,0,-0.13732123374938965,0.9901614785194397,0.026879334822297096,0,-0.015320215374231339,-0.029256289824843407,0.999454140663147,0,0.01981399953365326,0.08021900057792664,0,1,0.9540813565254211,-0.2868083119392395,-0.08642690628767014,0,0.24213722348213196,0.9082850217819214,-0.341156542301178,0,0.17634688317775726,0.30456408858299255,0.9360252618789673,0,0.0024770000018179417,0.09086299687623978,0,1,0.9825085997581482,-0.17118358612060547,-0.07330294698476791,0,0.1861421763896942,0.914047122001648,0.36037319898605347,0,0.005312369670718908,-0.36771437525749207,0.9299231767654419,0,0,0.11305999755859375,0.001303000026382506,1,0.9999731183052063,0.007123484276235104,0.0017156716203317046,0,-0.0072173443622887135,0.9172106385231018,0.39833664894104004,0,0.0012639128835871816,-0.3983384072780609,0.9172376394271851,0,-0.00254100002348423,0.15283699333667755,0,1,0.9929685592651367,-0.11827415227890015,-0.004939310718327761,0,0.1172393336892128,0.9767953753471375,0.1792391836643219,0,-0.016374655067920685,-0.17855782806873322,0.9837928414344788,0,0.006070000119507313,0.11340600252151489,0,1,-0.9893887639045715,0.01784253865480423,0.144191712141037,0,0.04967421665787697,-0.8910850882530212,0.45111003518104553,0,0.13653606176376343,0.4534859359264374,0.8807433843612671,0,0.1860329955816269,-0.11189699918031693,-0.003965000156313181,1,0.9966578483581543,-0.07002045214176178,0.04207690805196762,0,0.08077649772167206,0.9215537905693054,-0.3797552287578583,0,-0.012185493484139442,0.3818845748901367,0.9241291880607605,0,0,0.6513429880142212,0,1,0.9839706420898438,0.04442945495247841,0.17270579934120178,0,-0.16221995651721954,0.6252478361129761,0.7633805274963379,0,-0.07406739145517349,-0.7791608572006226,0.6224332451820374,0,0,0.5067660212516785,0,1,0.9991774559020996,-0.004639856051653624,0.04027916118502617,0,-0.02389409951865673,0.735212504863739,0.6774154305458069,0,-0.03275686129927635,-0.6778207421302795,0.7344970107078552,0,0,0.3611550033092499,0,1,-0.9884548187255859,-0.02394474484026432,-0.14961428940296173,0,0.02898026816546917,-0.9990812540054321,-0.031567446887493134,0,-0.14872099459171295,-0.035538867115974426,0.9882408976554871,0,-0.1860329955816269,-0.11189699918031693,-0.0019519999623298645,1,0.9931289553642273,-0.0377475842833519,0.11076819151639938,0,0.05115962401032448,0.9913512468338013,-0.12085586786270142,0,-0.10524816811084747,0.12569232285022736,0.9864707589149475,0,0,0.6512380242347717,0,1,0.9797645807266235,-0.06664370000362396,-0.1887332946062088,0,0.19935379922389984,0.40915289521217346,0.8904222249984741,0,0.01787974126636982,-0.9100291132926941,0.4141593277454376,0,0,0.5072460174560547,0,1,0.9992784857749939,0.00376025284640491,-0.03778378292918205,0,0.02249632216989994,0.7430023550987244,0.6689105033874512,0,0.03058873489499092,-0.6692783236503601,0.7423822283744812,0,0,0.35923901200294495,0,1
