3.133,30,94,41
B0,mixamorig_Hips,-1,0.9999629855155945,-0.00800500437617302,0.0031212044414132833,0,0.007904000580310822,0.9994840025901794,0.031130917370319366,0,-0.003368796082213521,-0.031105084344744682,0.9995099902153015,0,-0.12063200026750565,1.4817650318145752,0.10022500157356262,1
B1,mixamorig_Spine,0,0.9999819993972778,0.004918064922094345,-0.003385186893865466,0,-0.004990929737687111,0.9997490048408508,-0.021862756460905075,0,0.0032768133096396923,0.021879244595766068,0.9997550249099731,0,0,0.20184600353240967,-0.00443200021982193,1
B2,mixamorig_Spine1,1,0.9999379515647888,0.009124008007347584,-0.006444788072258234,0,-0.009122991003096104,0.9999579787254333,0.0001859026524471119,0,0.006446212530136108,-0.00012709535076282918,0.9999790191650391,0,0,0.23554399609565735,0,1
B3,mixamorig_Spine2,2,0.9999379515647888,0.009124008007347584,-0.006444788072258234,0,-0.009122991003096104,0.9999579787254333,0.0001859026524471119,0,0.006446212530136108,-0.00012709535076282918,0.9999790191650391,0,0,0.26919299364089966,0,1
B4,mixamorig_Neck,3,0.9976630210876465,-0.03726205974817276,-0.057269979268312454,0,0.05048394203186035,0.9668269753456116,0.250392884016037,0,0.04604002460837364,-0.2526990473270416,0.9664490222930908,0,0,0.30284199118614197,0,1
B5,mixamorig_Head,4,0.9937469959259033,0.06926017254590988,0.08757607638835907,0,-0.05213983356952667,0.9814419150352478,-0.18453705310821533,0,-0.0987318828701973,0.17881691455841064,0.9789159893989563,0,0,0.3297629952430725,-0.0025820001028478146,1
B6,mixamorig_HeadTop_End,5,1,0,0,0,0,1,0,0,0,0,1,0,0,0.9484109878540039,-0.007424999959766865,1
B7,mixamorig_LeftShoulder,3,-0.0063219573348760605,0.04293292388319969,-0.9990580081939697,0,0.9200900793075562,-0.3910541236400604,-0.022627126425504684,0,-0.3916570246219635,-0.9193660616874695,-0.037029992789030075,0,0.10646799951791763,0.2636919915676117,-0.001724999980069697,1
B8,mixamorig_LeftArm,7,0.764454185962677,0.46686893701553345,-0.4445718228816986,0,0.0664961189031601,0.6288210153579712,0.774700939655304,0,0.641240119934082,-0.6217858791351318,0.4496600329875946,0,0,0.22705300152301788,0,1
B9,mixamorig_LeftForeArm,8,0.9013029932975769,0.4295969307422638,0.05567029118537903,0,-0.4300980567932129,0.9027759432792664,-0.0032539917156100273,0,-0.051655739545822144,-0.021010862663388252,0.9984440207481384,0,0,0.5402770042419434,0,1
B10,mixamorig_LeftHand,9,0.9933440089225769,0.028433935716748238,-0.1116192489862442,0,-0.04759500175714493,0.9837780594825745,-0.17295879125595093,0,0.10489074140787125,0.17712019383907318,0.9785839915275574,0,0,0.4967939853668213,0,1
B11,mixamorig_LeftHandThumb1,10,0.8906190991401672,0.3857138156890869,-0.24087992310523987,0,-0.3550841212272644,0.920772910118103,0.1615331768989563,0,0.28410106897354126,-0.058331843465566635,0.9570180177688599,0,-0.08185800164937973,0.04394900053739548,0,1
B12,mixamorig_LeftHandThumb2,11,0.9798970222473145,-0.1270468682050705,0.1538212150335312,0,0.09577815234661102,0.9759319424629211,0.19591814279556274,0,-0.1750098168849945,-0.17724689841270447,0.9684810638427734,0,-0.009142999537289143,0.07376299798488617,0,1
B13,mixamorig_LeftHandThumb3,12,0.992231011390686,0.12416230142116547,-0.007894724607467651,0,-0.12415871024131775,0.992262065410614,0.0009392304928041995,0,0.007950244471430779,0.00004826527583645657,0.9999679923057556,0,-0.0005629999795928597,0.09730099886655807,0,1
B14,mixamorig_LeftHandThumb4,13,1,0,0,0,0,1,0,0,0,0,1,0,0.009705999866127968,0.08156999945640564,0,1
B15,mixamorig_LeftHandIndex1,10,0.9914839863777161,-0.04470500722527504,0.12231482565402985,0,-0.0016400989843532443,0.9348719120025635,0.3549821972846985,0,-0.13021814823150635,-0.3521597385406494,0.9268370866775513,0,0,0.1151529997587204,0.0015910000074654818,1
B16,mixamorig_LeftHandIndex2,15,0.9981669783592224,0.05896797031164169,0.0135940657928586,0,-0.05818699300289154,0.8735391497612,0.48326268792152405,0,0.016622088849544525,-0.48316827416419983,0.8753698468208313,0,0.00355900009162724,0.14229199290275574,0,1
B17,mixamorig_LeftHandIndex3,16,0.9989979863166809,0.044610414654016495,-0.003530142828822136,0,-0.044610586017370224,0.9990040063858032,0.0000272571669484023,0,0.003527846187353134,0.0001302519958699122,0.9999939799308777,0,-0.004298000130802393,0.11636000126600266,0,1
B18,mixamorig_LeftHandIndex4,17,1,0,0,0,0,1,0,0,0,0,1,0,0.0007389999809674919,0.0909150019288063,0,1
B19,mixamorig_RightShoulder,3,0.08843686431646347,-0.07291372120380402,0.9934099316596985,0,-0.922799825668335,-0.3814540207386017,0.05415309593081474,0,0.37499189376831055,-0.9215079545974731,-0.10101930052042007,0,-0.10646799951791763,0.2636539936065674,0.000004999999873689376,1
B20,mixamorig_RightArm,19,0.7849249839782715,-0.4364791214466095,0.43974781036376953,0,-0.04860907047986984,0.6641712188720703,0.7459988594055176,0,-0.6176810264587402,-0.6069291830062866,0.5001079440116882,0,0,0.22705300152301788,0,1
B21,mixamorig_RightForeArm,20,0.8800530433654785,-0.4501379430294037,-0.15127193927764893,0,0.4446220397949219,0.8929439187049866,-0.07044897228479385,0,0.16678906977176666,-0.005260000471025705,0.9859790802001953,0,0,0.5401849746704102,0,1
B22,mixamorig_RightHand,21,0.9622040390968323,0.09288685023784637,0.2559976577758789,0,-0.08007322251796722,0.9949780106544495,-0.06005367264151573,0,-0.26029032468795776,0.03728534281253815,0.9648098945617676,0,0,0.4968239963054657,0,1
B23,mixamorig_RightHandThumb1,22,0.9498540163040161,-0.2907368242740631,-0.11510603129863739,0,0.2997451424598694,0.951418936252594,0.07038392871618271,0,0.08905094116926193,-0.10135703533887863,0.9908570051193237,0,0.08952900022268295,0.05150499939918518,0,1
B24,mixamorig_RightHandThumb2,23,0.9970660209655762,0.06102092191576958,-0.04620711877942085,0,-0.050818100571632385,0.9791789650917053,0.19653691351413727,0,0.0572379007935524,-0.19361209869384766,0.979407012462616,0,0.01981399953365326,0.08021900057792664,0,1
B25,mixamorig_RightHandThumb3,24,0.9377700090408325,-0.34557825326919556,-0.034112170338630676,0,0.3453877568244934,0.9383890628814697,-0.01150909997522831,0,0.035987794399261475,-0.0009890388464555144,0.999351978302002,0,0.0024770000018179417,0.09086299687623978,0,1
B26,mixamorig_RightHandThumb4,25,1,0,0,0,0,1,0,0,0,0,1,0,-0.022290999069809914,0.06606300175189972,0,1
B27,mixamorig_RightHandIndex1,22,0.9729260206222534,-0.07630980014801025,-0.21815596520900726,0,0.15046319365501404,0.9256219267845154,0.34725409746170044,0,0.17543096840381622,-0.37067681550979614,0.912043035030365,0,0,0.11305999755859375,0.001303000026382506,1
B28,mixamorig_RightHandIndex2,27,0.9999139904975891,0.013107829727232456,0.0002566666225902736,0,-0.012617262080311775,0.9568040370941162,0.2904609143733978,0,0.003561731893569231,-0.2904391288757324,0.9568869471549988,0,-0.00254100002348423,0.15283699333667755,0,1
B29,mixamorig_RightHandIndex3,28,0.9957559704780579,-0.09192590415477753,0.004378038924187422,0,0.09192608296871185,0.9957659244537354,0.00016808682994451374,0,-0.004374952521175146,0.00023508243612013757,0.9999899864196777,0,0.006070000119507313,0.11340600252151489,0,1
B30,mixamorig_RightHandIndex4,29,1,0,0,0,0,1,0,0,0,0,1,0,-0.0035290000960230827,0.09126099944114685,0,1
B31,mixamorig_LeftUpLeg,0,-0.9866080284118652,-0.10362289845943451,-0.1259627640247345,0,0.0977240800857544,-0.9938459992408752,0.05215703323483467,0,-0.1305922567844391,0.039148952811956406,0.9906629323959351,0,0.1860329955816269,-0.11189699918031693,-0.003965000156313181,1
B32,mixamorig_LeftLeg,31,0.9994329214096069,-0.03362288698554039,0.001944005023688078,0,0.03330310434103012,0.9780290126800537,-0.20579200983047485,0,0.0050180270336568356,0.20574000477790833,0.9785939455032349,0,0,0.6513429880142212,0,1
B33,mixamorig_LeftFoot,32,0.9131008982658386,-0.03107977844774723,0.4065482020378113,0,-0.3433547019958496,0.4791339039802551,0.8077982068061829,0,-0.2198970764875412,-0.8771910071372986,0.42682597041130066,0,0,0.5067660212516785,0,1
B34,mixamorig_LeftToeBase,33,0.9997389912605286,0.00002502694769646041,0.022824635729193687,0,-0.014003205113112926,0.7903579473495483,0.6124860644340515,0,-0.018024306744337082,-0.6126458644866943,0.7901521921157837,0,0,0.3611550033092499,0,1
B35,mixamorig_LeftToe_End,34,1,0,0,0,0,1,0,0,0,0,1,0,0,0.13561299443244934,0,1
B36,mixamorig_RightUpLeg,0,-0.9703660011291504,0.05619088560342789,-0.23501810431480408,0,-0.08575410395860672,-0.9893609881401062,0.1175219789147377,0,-0.2259138971567154,0.13419298827648163,0.9648600220680237,0,-0.1860329955816269,-0.11189699918031693,-0.0019519999623298645,1
B37,mixamorig_RightLeg,36,0.9993370771408081,0.03602571412920952,-0.005276518873870373,0,-0.03620940074324608,0.9681429862976074,-0.24776816368103027,0,-0.003817598568275571,0.24779482185840607,0.9688050150871277,0,0,0.6512380242347717,0,1
B38,mixamorig_RightFoot,37,0.9763790369033813,-0.03980709984898567,-0.21236473321914673,0,0.20323218405246735,0.5028720498085022,0.8401289582252502,0,0.07334921509027481,-0.8634439706802368,0.4990839958190918,0,0,0.5072460174560547,0,1
B39,mixamorig_RightToeBase,38,0.999629020690918,0.0007287358166649938,-0.027231857180595398,0,0.016063883900642395,0.7915778160095215,0.6108571887016296,0,0.022001279518008232,-0.6110678315162659,0.7912721633911133,0,0,0.35923901200294495,0,1
B40,mixamorig_RightToe_End,39,1,0,0,0,0,1,0,0,0,0,1,0,0,0.13514000177383423,0,1
@34,0,1,2,3,4,5,7,8,9,10,11,12,13,15,16,17,19,20,21,22,23,24,25,27,28,29,31,32,33,34,36,37,38,39
K0,0.9999629855155945,-0.008005001582205296,0.003121203975751996,0,0.007903997786343098,0.9994840025901794,0.031130917370319366,0,-0.0033687956165522337,-0.031105084344744682,0.9995099902153015,0,-0.12063200026750565,1.4817650318145752,0.10022500157356262,1,0.9999819993972778,0.004918067716062069,-0.003385186893865466,0,-0.004990932531654835,0.9997490048408508,-0.021862756460905075,0,0.0032768130768090487,0.021879244595766068,0.9997550249099731,0,0,0.20184600353240967,-0.00443200021982193,1,0.9999379515647888,0.009124008007347584,-0.006444787606596947,0,-0.009122991003096104,0.9999579787254333,0.00018590365652926266,0,0.006446212064474821,-0.00012709635484497994,0.9999790191650391,0,0,0.23554399609565735,0,1,0.9999379515647888,0.009124008007347584,-0.006444787606596947,0,-0.009122991003096104,0.9999579787254333,0.00018590365652926266,0,0.006446212064474821,-0.00012709635484497994,0.9999790191650391,0,0,0.26919299364089966,0,1,0.9976630210876465,-0.03726205974817276,-0.05726997181773186,0,0.05048394203186035,0.9668269753456116,0.2503929138183594,0,0.04604001343250275,-0.252699077129364,0.9664490222930908,0,0,0.30284199118614197,0,1,0.9937469959259033,0.06926017254590988,0.08757609874010086,0,-0.052139829844236374,0.9814419150352478,-0.18453705310821533,0,-0.09873190522193909,0.17881691455841064,0.9789159893989563,0,0,0.3297629952430725,-0.0025820001028478146,1,-0.006322005297988653,0.042932841926813126,-0.9990580081939697,0,0.9200901389122009,-0.3910540044307709,-0.02262713573873043,0,-0.39165687561035156,-0.9193661212921143,-0.037029899656772614,0,0.10646799951791763,0.2636919915676117,-0.001724999980069697,1,0.7644541263580322,0.4668690860271454,-0.4445718228816986,0,0.06649608910083771,0.6288208961486816,0.7747011184692383,0,0.6412402391433716,-0.6217859387397766,0.44965988397598267,0,0,0.22705300152301788,0,1,0.9013029932975769,0.4295969307422638,0.05567029118537903,0,-0.4300980567932129,0.9027759432792664,-0.003253923961892724,0,-0.051655709743499756,-0.021010922268033028,0.9984440207481384,0,0,0.5402770042419434,0,1,0.9933440089225769,0.028433967381715775,-0.1116192564368248,0,-0.04759503901004791,0.9837780594825745,-0.17295879125595093,0,0.10489074140787125,0.17712020874023438,0.9785839915275574,0,0,0.4967939853668213,0,1,0.8906190991401672,0.3857138752937317,-0.24087995290756226,0,-0.3550841808319092,0.920772910118103,0.1615331768989563,0,0.28410109877586365,-0.058331821113824844,0.9570180177688599,0,-0.08185800164937973,0.04394900053739548,0,1,0.9798970222473145,-0.1270468533039093,0.15382120013237,0,0.09577814489603043,0.9759319424629211,0.19591811299324036,0,-0.1750098019838333,-0.17724686861038208,0.9684810638427734,0,-0.009142999537289143,0.07376299798488617,0,1,0.992231011390686,0.12416229397058487,-0.00789473857730627,0,-0.12415870279073715,0.992262065410614,0.0009392487700097263,0,0.007950260303914547,0.0000482487739645876,0.9999679923057556,0,-0.0005629999795928597,0.09730099886655807,0,1,0.9914839863777161,-0.04470505937933922,0.12231483310461044,0,-0.0016400560270994902,0.9348718523979187,0.3549822270870209,0,-0.13021817803382874,-0.3521597683429718,0.9268370866775513,0,0,0.1151529997587204,0.0015910000074654818,1,0.9981669783592224,0.05896798148751259,0.013594080694019794,0,-0.058187007904052734,0.8735391497612,0.48326268792152405,0,0.01662207953631878,-0.48316827416419983,0.8753698468208313,0,0.00355900009162724,0.14229199290275574,0,1,0.9989979863166809,0.044610414654016495,-0.0035301486495882273,0,-0.044610586017370224,0.9990040063858032,0.000027254711312707514,0,0.0035278520081192255,0.0001302547170780599,0.9999939799308777,0,-0.004298000130802393,0.11636000126600266,0,1,0.08843644708395004,-0.07291383296251297,0.9934099912643433,0,-0.9228000044822693,-0.38145384192466736,0.0541527196764946,0,0.3749917149543762,-0.9215080738067627,-0.10101928561925888,0,-0.10646799951791763,0.2636539936065674,0.000004999999873689376,1,0.7849249243736267,-0.4364791512489319,0.4397478699684143,0,-0.048609163612127304,0.6641711592674255,0.7459988594055176,0,-0.617681086063385,-0.6069291830062866,0.5001078248023987,0,0,0.22705300152301788,0,1,0.8800530433654785,-0.4501379430294037,-0.15127192437648773,0,0.4446220397949219,0.8929439187049866,-0.07044897973537445,0,0.16678906977176666,-0.005259989760816097,0.9859790802001953,0,0,0.5401849746704102,0,1,0.9622040390968323,0.09288681298494339,0.2559976577758789,0,-0.08007318526506424,0.9949780106544495,-0.060053661465644836,0,-0.2602902948856354,0.03728533908724785,0.9648098945617676,0,0,0.4968239963054657,0,1,0.9498540163040161,-0.2907368242740631,-0.11510604619979858,0,0.2997451424598694,0.951418936252594,0.0703839436173439,0,0.08905094861984253,-0.10135705024003983,0.9908570051193237,0,0.08952900022268295,0.05150499939918518,0,1,0.9970660209655762,0.06102090701460838,-0.046207111328840256,0,-0.05081808567047119,0.9791789650917053,0.19653689861297607,0,0.057237885892391205,-0.19361208379268646,0.979407012462616,0,0.01981399953365326,0.08021900057792664,0,1,0.9377699494361877,-0.34557825326919556,-0.03411218896508217,0,0.3453877568244934,0.9383890628814697,-0.011509072966873646,0,0.03598780557513237,-0.0009890712099149823,0.999351978302002,0,0.0024770000018179417,0.09086299687623978,0,1,0.9729260206222534,-0.07630977779626846,-0.21815600991249084,0,0.15046320855617523,0.9256219267845154,0.3472541570663452,0,0.1754309982061386,-0.3706768751144409,0.912043035030365,0,0,0.11305999755859375,0.001303000026382506,1,0.9999139904975891,0.013107780367136002,0.0002566925249993801,0,-0.012617221102118492,0.9568040370941162,0.2904609143733978,0,0.0035616925451904535,-0.2904391288757324,0.9568869471549988,0,-0.00254100002348423,0.15283699333667755,0,1,0.9957559704780579,-0.09192590415477753,0.004378043580800295,0,0.09192608296871185,0.9957659244537354,0.00016808482178021222,0,-0.0043749562464654446,0.00023508483718615025,0.9999899864196777,0,0.006070000119507313,0.11340600252151489,0,1,-0.9866080284118652,-0.1036229059100151,-0.1259627640247345,0,0.09772408753633499,-0.9938459992408752,0.05215704068541527,0,-0.1305922567844391,0.039148960262537,0.9906629323959351,0,0.1860329955816269,-0.11189699918031693,-0.003965000156313181,1,0.9994329214096069,-0.03362288698554039,0.0019440160831436515,0,0.03330310806632042,0.9780290126800537,-0.20579200983047485,0,0.00501801585778594,0.20574000477790833,0.9785939455032349,0,0,0.6513429880142212,0,1,0.9131009578704834,-0.031079629436135292,0.40654808282852173,0,-0.34335464239120483,0.4791340231895447,0.8077981472015381,0,-0.21989694237709045,-0.8771909475326538,0.4268261790275574,0,0,0.5067660212516785,0,1,0.9997389912605286,0.00002490018778189551,0.022824624553322792,0,-0.014003099873661995,0.7903579473495483,0.6124860644340515,0,-0.018024375662207603,-0.6126458644866943,0.7901521325111389,0,0,0.3611550033092499,0,1,-0.9703660011291504,0.05619088560342789,-0.23501810431480408,0,-0.08575410395860672,-0.9893609881401062,0.1175219938158989,0,-0.2259138971567154,0.13419300317764282,0.9648600220680237,0,-0.1860329955816269,-0.11189699918031693,-0.0019519999623298645,1,0.9993370771408081,0.036025650799274445,-0.005276551470160484,0,-0.0362093485891819,0.9681429862976074,-0.24776814877986908,0,-0.003817551303654909,0.24779480695724487,0.9688050150871277,0,0,0.6512380242347717,0,1,0.9763790369033813,-0.03980693966150284,-0.21236468851566315,0,0.2032320648431778,0.5028719902038574,0.840129017829895,0,0.07334931939840317,-0.8634440302848816,0.499083936214447,0,0,0.5072460174560547,0,1,0.999629020690918,0.0007287877961061895,-0.027231765910983086,0,0.016063787043094635,0.7915778160095215,0.6108572483062744,0,0.02200123853981495,-0.6110678911209106,0.7912721633911133,0,0,0.35923901200294495,0,1
K0.033,0.9999589920043945,-0.008736052550375462,0.0023503934498876333,0,0.008663968183100224,0.9995390176773071,0.0291067473590374,0,-0.0026035886257886887,-0.029085198417305946,0.9995740056037903,0,-0.12051499634981155,1.4811789989471436,0.10113801062107086,1,0.9999829530715942,0.00474504241719842,-0.00340226199477911,0,-0.004818954970687628,0.9997450113296509,-0.022055990993976593,0,0.0032967382576316595,0.02207201160490513,0.9997509717941284,0,0,0.20184600353240967,-0.00443200021982193,1,0.999940037727356,0.00888175331056118,-0.00648002652451396,0,-0.008883246220648289,0.9999610185623169,-0.00020172933000139892,0,0.006477975752204657,0.0002592806704342365,0.9999789595603943,0,0,0.23554399609565735,0,1,0.999940037727356,0.00888175331056118,-0.00648002652451396,0,-0.008883246220648289,0.9999610185623169,-0.00020172933000139892,0,0.006477975752204657,0.0002592806704342365,0.9999789595603943,0,0,0.26919299364089966,0,1,0.9976739883422852,-0.03704497590661049,-0.05722319334745407,0,0.05023603141307831,0.9669800400733948,0.24985383450984955,0,0.04607781395316124,-0.2521471083164215,0.966590940952301,0,0,0.30284199118614197,0,1,0.9937269687652588,0.06960002332925797,0.08754125982522964,0,-0.052428971976041794,0.9813280701637268,-0.18505990505218506,0,-0.09878674894571304,0.17930911481380463,0.9788200259208679,0,0,0.3297629952430725,-0.0025820001028478146,1,-0.005825486965477467,0.04288271442055702,-0.9990630149841309,0,0.9203630685806274,-0.3904390037059784,-0.0221253652125597,0,-0.391021728515625,-0.9196290969848633,-0.03719316050410271,0,0.10646799951791763,0.2636919915676117,-0.001724999980069697,1,0.7649138569831848,0.4661339819431305,-0.44455212354660034,0,0.06428097188472748,0.631470263004303,0.772730827331543,0,0.6409178972244263,-0.6196490526199341,0.45305705070495605,0,0,0.22705300152301788,0,1,0.899243950843811,0.43389421701431274,0.05564305931329727,0,-0.43439996242523193,0.9007140398025513,-0.0032899051439017057,0,-0.051545944064855576,-0.021212909370660782,0.9984450340270996,0,0,0.5402770042419434,0,1,0.9932440519332886,0.027035925537347794,-0.11284849792718887,0,-0.04616595804691315,0.9842709898948669,-0.17052407562732697,0,0.10646328330039978,0.1745818704366684,0.9788699746131897,0,0,0.4967939853668213,0,1,0.890488862991333,0.385733962059021,-0.24132731556892395,0,-0.3555052578449249,0.9208619594573975,0.16009075939655304,0,0.28398168087005615,-0.05676593258976936,0.9571481347084045,0,-0.08185800164937973,0.04394900053739548,0,1,0.9800199270248413,-0.12622696161270142,0.1537128984928131,0,0.09509401023387909,0.976124107837677,0.1952936202287674,0,-0.17469407618045807,-0.17677435278892517,0.9686239361763,0,-0.009142999537289143,0.07376299798488617,0,1,0.992231011390686,0.12416229397058487,-0.007894270122051239,0,-0.12415871024131775,0.992262065410614,0.0009387176251038909,0,0.007949729450047016,0.00004871765850111842,0.9999679923057556,0,-0.0005629999795928597,0.09730099886655807,0,1,0.9914800524711609,-0.04480576515197754,0.12231183797121048,0,-0.0014467504806816578,0.9351349472999573,0.3542900085449219,0,-0.1302521675825119,-0.35144805908203125,0.9271019101142883,0,0,0.1151529997587204,0.0015910000074654818,1,0.9981780648231506,0.05879392847418785,0.01353393867611885,0,-0.058018073439598083,0.8739129304885864,0.48260799050331116,0,0.016546936705708504,-0.482513964176178,0.8757319450378418,0,0.00355900009162724,0.14229199290275574,0,1,0.9989979863166809,0.044610414654016495,-0.0035301486495882273,0,-0.044610586017370224,0.9990040063858032,0.000027254711312707514,0,0.0035278520081192255,0.0001302547170780599,0.9999939799308777,0,-0.004298000130802393,0.11636000126600266,0,1,0.08881600946187973,-0.07284791022539139,0.9933799505233765,0,-0.9227019548416138,-0.38164106011390686,0.05450974404811859,0,0.37514373660087585,-0.9214349985122681,-0.10111267119646072,0,-0.10646799951791763,0.2636539936065674,0.000004999999873689376,1,0.7825378179550171,-0.43800628185272217,0.44247710704803467,0,-0.05053526163101196,0.6636590361595154,0.7463268637657166,0,-0.6205490827560425,-0.606389045715332,0.49720293283462524,0,0,0.22705300152301788,0,1,0.8780530095100403,-0.45413315296173096,-0.15095221996307373,0,0.4485679268836975,0.890917956829071,-0.07107538729906082,0,0.1667637974023819,-0.005304377060383558,0.9859830737113953,0,0,0.5401849746704102,0,1,0.9621570706367493,0.09482467174530029,0.25546398758888245,0,-0.082990363240242,0.9949339628219604,-0.05673805624246597,0,-0.25954991579055786,0.033389862626791,0.9651520252227783,0,0,0.4968239963054657,0,1,0.9494190812110901,-0.29203101992607117,-0.11541900038719177,0,0.30099600553512573,0.9510879516601562,0.06952192634344101,0,0.08947104215621948,-0.10074608027935028,0.9908810257911682,0,0.08952900022268295,0.05150499939918518,0,1,0.9971540570259094,0.05945473536849022,-0.04636424407362938,0,-0.04929327219724655,0.9794069528579712,0.19578434526920319,0,0.05704975500702858,-0.19294166564941406,0.9795500636100769,0,0.01981399953365326,0.08021900057792664,0,1,0.9377699494361877,-0.34557825326919556,-0.03411218896508217,0,0.3453877568244934,0.9383890628814697,-0.011509072966873646,0,0.03598780557513237,-0.0009890712099149823,0.999351978302002,0,0.0024770000018179417,0.09086299687623978,0,1,0.9728890061378479,-0.07754368335008621,-0.21788516640663147,0,0.15121936798095703,0.926110029220581,0.34562090039253235,0,0.17498484253883362,-0.3691990375518799,0.912727952003479,0,0,0.11305999755859375,0.001303000026382506,1,0.9999160170555115,0.012994930148124695,0.00025276883388869464,0,-0.012506076134741306,0.9566400051116943,0.29100415110588074,0,0.003539769444614649,-0.2909828722476959,0.95672208070755,0,-0.00254100002348423,0.15283699333667755,0,1,0.9957559704780579,-0.09192590415477753,0.004378043580800295,0,0.09192608296871185,0.9957659244537354,0.00016808482178021222,0,-0.0043749562464654446,0.00023508483718615025,0.9999899864196777,0,0.006070000119507313,0.11340600252151489,0,1,-0.9864749312400818,-0.10427693277597427,-0.12646788358688354,0,0.09809607267379761,-0.9937019348144531,0.05417085811495781,0,-0.13132010400295258,0.041032176464796066,0.9904909729957581,0,0.1860329955816269,-0.11189699918031693,-0.003965000156313181,1,0.9994180202484131,-0.034033261239528656,0.002179789589717984,0,0.03369775041937828,0.9756979942321777,-0.2165118008852005,0,0.005241790786385536,0.21645943820476532,0.9762778878211975,0,0,0.6513429880142212,0,1,0.9132400751113892,-0.033630311489105225,0.4060318171977997,0,-0.3432452380657196,0.4733797013759613,0.8112300634384155,0,-0.21948906779289246,-0.8802160620689392,0.42076575756073,0,0,0.5067660212516785,0,1,0.9997259378433228,-0.0006509826052933931,0.02341604046523571,0,-0.013826972804963589,0.7904998660087585,0.6123061180114746,0,-0.018908973783254623,-0.6124619245529175,0.7902740836143494,0,0,0.3611550033092499,0,1,-0.9696389436721802,0.056320201605558395,-0.2379673719406128,0,-0.08612081408500671,-0.9894211292266846,0.11674582213163376,0,-0.22887466847896576,0.13369517028331757,0.964231014251709,0,-0.1860329955816269,-0.11189699918031693,-0.0019519999623298645,1,0.9993249177932739,0.03634464368224144,-0.005359790753573179,0,-0.03651537373661995,0.9666219353675842,-0.2535912096500397,0,-0.004035792779177427,0.2536158859729767,0.9672970771789551,0,0,0.6512380242347717,0,1,0.9768479466438293,-0.03908028453588486,-0.21033620834350586,0,0.20143969357013702,0.49911707639694214,0.8427950143814087,0,0.07204574346542358,-0.8656529188156128,0.4954339861869812,0,0,0.5072460174560547,0,1,0.999629020690918,0.000888270849827677,-0.027231335639953613,0,0.01593826711177826,0.7915518283843994,0.6108942031860352,0,0.02209765836596489,-0.6111016869544983,0.7912441492080688,0,0,0.35923901200294495,0,1
K0.067,0.9999520778656006,-0.009707135148346424,0.0014617393026128411,0,0.009664846584200859,0.9996000528335571,0.026591237634420395,0,-0.0017192779341712594,-0.026575811207294464,0.9996449947357178,0,-0.12048300355672836,1.4804760217666626,0.1021989956498146,1,0.999983012676239,0.004640065599232912,-0.0034521943889558315,0,-0.004715937189757824,0.9997400045394897,-0.022304046899080276,0,0.0033478052355349064,0.02231995202600956,0.9997450113296509,0,0,0.20184600353240967,-0.00443200021982193,1,0.9999399185180664,0.00879711750894785,-0.006575691979378462,0,-0.008801884017884731,0.9999610185623169,-0.0006965770153328776,0,0.006569305434823036,0.000754413369577378,0.9999780058860779,0,0,0.23554399609565735,0,1,0.9999399185180664,0.00879711750894785,-0.006575691979378462,0,-0.008801884017884731,0.9999610185623169,-0.0006965770153328776,0,0.006569305434823036,0.000754413369577378,0.9999780058860779,0,0,0.26919299364089966,0,1,0.9976789951324463,-0.036939091980457306,-0.05719614773988724,0,0.05010690540075302,0.9670930504798889,0.24944107234477997,0,0.04609985649585724,-0.25172796845436096,0.9666990041732788,0,0,0.30284199118614197,0,1,0.9937330484390259,0.06958716362714767,0.08747860789299011,0,-0.05239483341574669,0.981268048286438,-0.1853845715522766,0,-0.09874039143323898,0.17963941395282745,0.9787648916244507,0,0,0.3297629952430725,-0.0025820001028478146,1,-0.005379711277782917,0.04282917454838753,-0.9990679621696472,0,0.9208188056945801,-0.38938939571380615,-0.021651195362210274,0,-0.3899538218975067,-0.9200770258903503,-0.03734303265810013,0,0.10646799951791763,0.2636919915676117,-0.001724999980069697,1,0.763975977897644,0.46657007932662964,-0.44570598006248474,0,0.06262608617544174,0.6338760852813721,0.7708948850631714,0,0.6421990394592285,-0.616858184337616,0.45504680275917053,0,0,0.22705300152301788,0,1,0.8966050744056702,0.439325749874115,0.05561215057969093,0,-0.43983712792396545,0.8980709314346313,-0.0033350626472383738,0,-0.05140884965658188,-0.02147006057202816,0.9984470009803772,0,0,0.5402770042419434,0,1,0.9945549368858337,0.02205989882349968,-0.10185305774211884,0,-0.03912821784615517,0.9848800301551819,-0.16876086592674255,0,0.09659013897180557,0.17182719707489014,0.9803799390792847,0,0,0.4967939853668213,0,1,0.8846230506896973,0.39879366755485535,-0.24167321622371674,0,-0.37244704365730286,0.916111946105957,0.14840035140514374,0,0.2805807888507843,-0.041267894208431244,0.9589431285858154,0,-0.08185800164937973,0.04394900053739548,0,1,0.9802650213241577,-0.12462019175291061,0.153459832072258,0,0.0937558263540268,0.9764929413795471,0.1940910667181015,0,-0.17404015362262726,-0.17587296664714813,0.9689059257507324,0,-0.009142999537289143,0.07376299798488617,0,1,0.992231011390686,0.12416229397058487,-0.00789473857730627,0,-0.12415870279073715,0.992262065410614,0.0009392487700097263,0,0.007950260303914547,0.0000482487739645876,0.9999679923057556,0,-0.0005629999795928597,0.09730099886655807,0,1,0.9913979768753052,-0.04584382101893425,0.12258991599082947,0,-0.0014698359882459044,0.9326899647712708,0.36067619919776917,0,-0.13087309896945953,-0.3577536940574646,0.9245991110801697,0,0,0.1151529997587204,0.0015910000074654818,1,0.9981790781021118,0.058784764260053635,0.01353306695818901,0,-0.05801023542881012,0.8739320039749146,0.48257502913475037,0,0.016541067510843277,-0.4824809730052948,0.8757500052452087,0,0.00355900009162724,0.14229199290275574,0,1,0.9989979863166809,0.044610414654016495,-0.0035301486495882273,0,-0.044610586017370224,0.9990040063858032,0.000027254711312707514,0,0.0035278520081192255,0.0001302547170780599,0.9999939799308777,0,-0.004298000130802393,0.11636000126600266,0,1,0.08907663077116013,-0.07284389436244965,0.9933570027351379,0,-0.9228599071502686,-0.38121700286865234,0.05479991436004639,0,0.3746928870677948,-0.9216110110282898,-0.10118221491575241,0,-0.10646799951791763,0.2636539936065674,0.000004999999873689376,1,0.7800350189208984,-0.4394700527191162,0.4454348087310791,0,-0.05215008929371834,0.6637229323387146,0.7461590766906738,0,-0.6235590577125549,-0.6052588820457458,0.49480804800987244,0,0,0.22705300152301788,0,1,0.8759250640869141,-0.45833495259284973,-0.1506107747554779,0,0.45271798968315125,0.8887630105018616,-0.07173538953065872,0,0.16673624515533447,-0.005349390208721161,0.9859869480133057,0,0,0.5401849746704102,0,1,0.9626170992851257,0.09645891934633255,0.2531105875968933,0,-0.08577902615070343,0.9949079751968384,-0.0529230497777462,0,-0.25692644715309143,0.02923303097486496,0.9659888744354248,0,0,0.4968239963054657,0,1,0.9473329782485962,-0.29766103625297546,-0.11814767122268677,0,0.3069278299808502,0.9491810202598572,0.06964714080095291,0,0.09141229838132858,-0.10224185138940811,0.9905510544776917,0,0.08952900022268295,0.05150499939918518,0,1,0.9971510171890259,0.05946410074830055,-0.04640067741274834,0,-0.04928389936685562,0.9793679714202881,0.19598302245140076,0,0.05709732323884964,-0.193137988448143,0.9795089960098267,0,0.01981399953365326,0.08021900057792664,0,1,0.9377699494361877,-0.34557825326919556,-0.03411218896508217,0,0.3453877568244934,0.9383890628814697,-0.011509072966873646,0,0.03598780557513237,-0.0009890712099149823,0.999351978302002,0,0.0024770000018179417,0.09086299687623978,0,1,0.9727320075035095,-0.07958716154098511,-0.21784991025924683,0,0.15313778817653656,0.9258189797401428,0.3455531597137451,0,0.1741880625486374,-0.369491845369339,0.9127620458602905,0,0,0.11305999755859375,0.001303000026382506,1,0.9999120235443115,0.013272265903651714,0.0002537807740736753,0,-0.01277672778815031,0.9570399522781372,0.2896761894226074,0,0.0036017801612615585,-0.28965383768081665,0.9571250677108765,0,-0.00254100002348423,0.15283699333667755,0,1,0.9957559704780579,-0.09192590415477753,0.004378043580800295,0,0.09192608296871185,0.9957659244537354,0.00016808482178021222,0,-0.0043749562464654446,0.00023508483718615025,0.9999899864196777,0,0.006070000119507313,0.11340600252151489,0,1,-0.9863410592079163,-0.10525304824113846,-0.12670503556728363,0,0.09879294037818909,-0.9935169816017151,0.056249938905239105,0,-0.1318039745092392,0.04296402633190155,0.9903439879417419,0,0.1860329955816269,-0.11189699918031693,-0.003965000156313181,1,0.9994009733200073,-0.03451308608055115,0.0023966366425156593,0,0.034145910292863846,0.9728829860687256,-0.2287619411945343,0,0.005563635379076004,0.22870682179927826,0.9734790325164795,0,0,0.6513429880142212,0,1,0.9135448932647705,-0.036604929715394974,0.4050862789154053,0,-0.34280097484588623,0.4667379856109619,0.8152559399604797,0,-0.2189117968082428,-0.8836379051208496,0.41383835673332214,0,0,0.5067660212516785,0,1,0.9997090101242065,-0.001358186942525208,0.02407120168209076,0,-0.013665194623172283,0.7906280755996704,0.612143874168396,0,-0.019862784072756767,-0.6122950315475464,0.7903799414634705,0,0,0.3611550033092499,0,1,-0.9687711000442505,0.056304845958948135,-0.24148178100585938,0,-0.08633515983819962,-0.9895330667495728,0.11563397198915482,0,-0.2324431836605072,0.13287106156349182,0.9634909629821777,0,-0.1860329955816269,-0.11189699918031693,-0.0019519999623298645,1,0.9993119835853577,0.03669194504618645,-0.005455941893160343,0,-0.03684704005718231,0.9648380279541016,-0.26024895906448364,0,-0.00428494019433856,0.260270893573761,0.9655259847640991,0,0,0.6512380242347717,0,1,0.9774039387702942,-0.038361791521310806,-0.20787234604358673,0,0.19931623339653015,0.4947499930858612,0.8458698987960815,0,0.07039566338062286,-0.8681879043579102,0.49121612310409546,0,0,0.5072460174560547,0,1,0.9996280670166016,0.0010762898018583655,-0.02723575010895729,0,0.015793291851878166,0.7915220260620117,0.6109368801116943,0,0.02221525087952614,-0.6111400127410889,0.791210949420929,0,0,0.35923901200294495,0,1
